"PSComputerName","Enabled","Name","DisplayName","Description","DisplayGroup","Group","Profile","Direction","Action","EdgeTraversalPolicy","LooseSourceMapping","LocalOnlyMapping","Owner","EnforcementStatus","Status","PrimaryStatus","PolicyStoreSource","PolicyStoreSourceType"
"WIN81-01","False","vm-monitoring-icmpv6","Virtual Machine Monitoring (Echo Request - ICMPv6-In)","Echo Request messages are sent as ping requests to other nodes.","Virtual Machine Monitoring","@vmicres.dll,-700","Any","Inbound","Allow","Block","False","False",,"NotApplicable","The rule was parsed successfully from the store. (65536)","OK","PersistentStore","Local"
"WIN81-01","False","vm-monitoring-rpc","Virtual Machine Monitoring (RPC)","Allow Task Scheduler service to be remotely managed via RPC/TCP.","Virtual Machine Monitoring","@vmicres.dll,-700","Any","Inbound","Allow","Block","False","False",,"NotApplicable","The rule was parsed successfully from the store. (65536)","OK","PersistentStore","Local"
"WIN81-01","False","vm-monitoring-icmpv4","Virtual Machine Monitoring (Echo Request - ICMPv4-In)","Echo Request messages are sent as ping requests to other nodes.","Virtual Machine Monitoring","@vmicres.dll,-700","Any","Inbound","Allow","Block","False","False",,"NotApplicable","The rule was parsed successfully from the store. (65536)","OK","PersistentStore","Local"
"WIN81-01","False","vm-monitoring-dcom","Virtual Machine Monitoring (DCOM-In)","Allow DCOM traffic for remote Windows Management Instrumentation.","Virtual Machine Monitoring","@vmicres.dll,-700","Any","Inbound","Allow","Block","False","False",,"NotApplicable","The rule was parsed successfully from the store. (65536)","OK","PersistentStore","Local"
"WIN81-01","False","vm-monitoring-nb-session","Virtual Machine Monitoring (NB-Session-In)","Allow NetBIOS Session Service connections.","Virtual Machine Monitoring","@vmicres.dll,-700","Any","Inbound","Allow","Block","False","False",,"NotApplicable","The rule was parsed successfully from the store. (65536)","OK","PersistentStore","Local"
"WIN81-01","False","WMP-In-UDP-x86","Windows Media Player x86 (UDP-In)","Inbound rule for Windows Media Player to allow UDP Media Streaming. [UDP]","Windows Media Player","@FirewallAPI.dll,-31002","Any","Inbound","Allow","Block","False","False",,"NotApplicable","The rule was parsed successfully from the store. (65536)","OK","PersistentStore","Local"
"WIN81-01","False","WMP-Out-UDP-x86","Windows Media Player x86 (UDP-Out)","Outbound rule for Windows Media Player to allow UDP Media Streaming. [UDP]","Windows Media Player","@FirewallAPI.dll,-31002","Any","Outbound","Allow","Block","False","False",,"NotApplicable","The rule was parsed successfully from the store. (65536)","OK","PersistentStore","Local"
"WIN81-01","False","WMP-Out-TCP-x86","Windows Media Player x86 (TCP-Out)","Outbound rule for Windows Media Player to allow TCP/HTTP Media Streaming. [TCP]","Windows Media Player","@FirewallAPI.dll,-31002","Any","Outbound","Allow","Block","False","False",,"NotApplicable","The rule was parsed successfully from the store. (65536)","OK","PersistentStore","Local"
"WIN81-01","False","WMP-In-UDP","Windows Media Player (UDP-In)","Inbound rule for Windows Media Player to allow UDP Media Streaming. [UDP]","Windows Media Player","@FirewallAPI.dll,-31002","Any","Inbound","Allow","Block","False","False",,"NotApplicable","The rule was parsed successfully from the store. (65536)","OK","PersistentStore","Local"
"WIN81-01","False","WMP-Out-UDP","Windows Media Player (UDP-Out)","Outbound rule for Windows Media Player to allow UDP Media Streaming. [UDP]","Windows Media Player","@FirewallAPI.dll,-31002","Any","Outbound","Allow","Block","False","False",,"NotApplicable","The rule was parsed successfully from the store. (65536)","OK","PersistentStore","Local"
"WIN81-01","False","WMP-Out-TCP","Windows Media Player (TCP-Out)","Outbound rule for Windows Media Player to allow TCP/HTTP Media Streaming. [TCP]","Windows Media Player","@FirewallAPI.dll,-31002","Any","Outbound","Allow","Block","False","False",,"NotApplicable","The rule was parsed successfully from the store. (65536)","OK","PersistentStore","Local"
"WIN81-01","False","SNMPTRAP-In-UDP","SNMP Trap Service (UDP In)","Inbound rule for the SNMP Trap Service to allow SNMP traps. [UDP 162]","SNMP Trap","@snmptrap.exe,-3","Private, Public","Inbound","Allow","Block","False","False",,"NotApplicable","The rule was parsed successfully from the store. (65536)","OK","PersistentStore","Local"
"WIN81-01","False","SNMPTRAP-In-UDP-NoScope","SNMP Trap Service (UDP In)","Inbound rule for the SNMP Trap Service to allow SNMP traps. [UDP 162]","SNMP Trap","@snmptrap.exe,-3","Domain","Inbound","Allow","Block","False","False",,"NotApplicable","The rule was parsed successfully from the store. (65536)","OK","PersistentStore","Local"
"WIN81-01","False","Wininit-Shutdown-In-Rule-TCP-RPC","Inbound Rule for Remote Shutdown (TCP-In)","Inbound rule for the Remote Shutdown via dynamic RPC/TCP.","Remote Shutdown","@firewallapi.dll,-36751","Any","Inbound","Allow","Block","False","False",,"NotApplicable","The rule was parsed successfully from the store. (65536)","OK","PersistentStore","Local"
"WIN81-01","False","Wininit-Shutdown-In-Rule-TCP-RPC-EPMapper","Inbound Rule for Remote Shutdown (RPC-EP-In)","Inbound rule for the RPCSS service to allow RPC/TCP traffic","Remote Shutdown","@firewallapi.dll,-36751","Any","Inbound","Allow","Block","False","False",,"NotApplicable","The rule was parsed successfully from the store. (65536)","OK","PersistentStore","Local"
"WIN81-01","False","PNRPMNRS-PNRP-In-UDP","Windows Collaboration Computer Name Registration Service (PNRP-In)","Inbound rule for the Windows Collaboration Computer Name Registration Service to allow Peer Name Resolution. [UDP 3540]","Windows Collaboration Computer Name Registration Service","@FirewallAPI.dll,-34002","Any","Inbound","Allow","DeferToApp","False","False",,"NotApplicable","The rule was parsed successfully from the store. (65536)","OK","PersistentStore","Local"
"WIN81-01","False","PNRPMNRS-PNRP-Out-UDP","Windows Collaboration Computer Name Registration Service (PNRP-Out)","Outbound rule for the Windows Collaboration Computer Name Registration Service to allow Peer Name Resolution. [UDP 3540]","Windows Collaboration Computer Name Registration Service","@FirewallAPI.dll,-34002","Any","Outbound","Allow","Block","False","False",,"NotApplicable","The rule was parsed successfully from the store. (65536)","OK","PersistentStore","Local"
"WIN81-01","False","PNRPMNRS-SSDPSrv-In-UDP","Windows Collaboration Computer Name Registration Service (SSDP-In)","Inbound rule for the Windows Collaboration Computer Name Registration Service to allow use of the Simple Service Discovery Protocol. [UDP 1900]","Windows Collaboration Computer Name Registration Service","@FirewallAPI.dll,-34002","Any","Inbound","Allow","Block","False","False",,"NotApplicable","The rule was parsed successfully from the store. (65536)","OK","PersistentStore","Local"
"WIN81-01","False","PNRPMNRS-SSDPSrv-Out-UDP","Windows Collaboration Computer Name Registration Service (SSDP-Out)","Outbound rule for the Windows Collaboration Computer Name Registration Service to allow use of the Simple Service Discovery Protocol. [UDP 1900]","Windows Collaboration Computer Name Registration Service","@FirewallAPI.dll,-34002","Any","Outbound","Allow","Block","False","False",,"NotApplicable","The rule was parsed successfully from the store. (65536)","OK","PersistentStore","Local"
"WIN81-01","False","MsiScsi-In-TCP-NoScope","iSCSI Service (TCP-In)","Inbound rule for the iSCSI Service to allow communications with an iSCSI server or device. [TCP]","iSCSI Service","@FirewallAPI.dll,-29002","Domain","Inbound","Allow","Block","False","False",,"NotApplicable","The rule was parsed successfully from the store. (65536)","OK","PersistentStore","Local"
"WIN81-01","False","MsiScsi-Out-TCP-NoScope","iSCSI Service (TCP-Out)","Outbound rule for the iSCSI Service to allow communications with an iSCSI server or device. [TCP]","iSCSI Service","@FirewallAPI.dll,-29002","Domain","Outbound","Allow","Block","False","False",,"NotApplicable","The rule was parsed successfully from the store. (65536)","OK","PersistentStore","Local"
"WIN81-01","False","MsiScsi-In-TCP","iSCSI Service (TCP-In)","Inbound rule for the iSCSI Service to allow communications with an iSCSI server or device. [TCP]","iSCSI Service","@FirewallAPI.dll,-29002","Private, Public","Inbound","Allow","Block","False","False",,"NotApplicable","The rule was parsed successfully from the store. (65536)","OK","PersistentStore","Local"
"WIN81-01","False","MsiScsi-Out-TCP","iSCSI Service (TCP-Out)","Outbound rule for the iSCSI Service to allow communications with an iSCSI server or device. [TCP]","iSCSI Service","@FirewallAPI.dll,-29002","Private, Public","Outbound","Allow","Block","False","False",,"NotApplicable","The rule was parsed successfully from the store. (65536)","OK","PersistentStore","Local"
"WIN81-01","True","ProximityUxHost-Sharing-In-TCP-NoScope","Proximity sharing over TCP (TCP sharing-In)","Inbound rule for Proximity sharing over TCP","Proximity Sharing","@FirewallAPI.dll,-36251","Any","Inbound","Allow","Block","False","False",,"NotApplicable","The rule was parsed successfully from the store. (65536)","OK","PersistentStore","Local"
"WIN81-01","True","ProximityUxHost-Sharing-Out-TCP-NoScope","Proximity sharing over TCP (TCP sharing-Out)","Outbound rule for Proximity sharing over TCP","Proximity Sharing","@FirewallAPI.dll,-36251","Any","Outbound","Allow","Block","False","False",,"NotApplicable","The rule was parsed successfully from the store. (65536)","OK","PersistentStore","Local"
"WIN81-01","False","NETDIS-UPnPHost-In-TCP-NoScope","Network Discovery (UPnP-In)","Inbound rule for Network Discovery to allow use of Universal Plug and Play. [TCP 2869]","Network Discovery","@FirewallAPI.dll,-32752","Domain","Inbound","Allow","Block","False","False",,"NotApplicable","The rule was parsed successfully from the store. (65536)","OK","PersistentStore","Local"
"WIN81-01","False","NETDIS-UPnPHost-Out-TCP-NoScope","Network Discovery (UPnP-Out)","Outbound rule for Network Discovery to allow use of Universal Plug and Play. [TCP]","Network Discovery","@FirewallAPI.dll,-32752","Domain","Outbound","Allow","Block","False","False",,"NotApplicable","The rule was parsed successfully from the store. (65536)","OK","PersistentStore","Local"
"WIN81-01","False","NETDIS-NB_Name-In-UDP-NoScope","Network Discovery (NB-Name-In)","Inbound rule for Network Discovery to allow NetBIOS Name Resolution. [UDP 137]","Network Discovery","@FirewallAPI.dll,-32752","Domain","Inbound","Allow","Block","False","False",,"NotApplicable","The rule was parsed successfully from the store. (65536)","OK","PersistentStore","Local"
"WIN81-01","False","NETDIS-NB_Name-Out-UDP-NoScope","Network Discovery (NB-Name-Out)","Outbound rule for Network Discovery to allow NetBIOS Name Resolution. [UDP 137]","Network Discovery","@FirewallAPI.dll,-32752","Domain","Outbound","Allow","Block","False","False",,"NotApplicable","The rule was parsed successfully from the store. (65536)","OK","PersistentStore","Local"
"WIN81-01","False","NETDIS-NB_Datagram-In-UDP-NoScope","Network Discovery (NB-Datagram-In)","Inbound rule for Network Discovery to allow NetBIOS Datagram transmission and reception. [UDP 138]","Network Discovery","@FirewallAPI.dll,-32752","Domain","Inbound","Allow","Block","False","False",,"NotApplicable","The rule was parsed successfully from the store. (65536)","OK","PersistentStore","Local"
"WIN81-01","False","NETDIS-NB_Datagram-Out-UDP-NoScope","Network Discovery (NB-Datagram-Out)","Outbound rule for Network Discovery to allow NetBIOS Datagram transmission and reception. [UDP 138]","Network Discovery","@FirewallAPI.dll,-32752","Domain","Outbound","Allow","Block","False","False",,"NotApplicable","The rule was parsed successfully from the store. (65536)","OK","PersistentStore","Local"
"WIN81-01","False","NETDIS-WSDEVNTS-In-TCP-NoScope","Network Discovery (WSD EventsSecure-In)","Inbound rule for Network Discovery to allow Secure WSDAPI Events via Function Discovery. [TCP 5358]","Network Discovery","@FirewallAPI.dll,-32752","Domain","Inbound","Allow","Block","False","False",,"NotApplicable","The rule was parsed successfully from the store. (65536)","OK","PersistentStore","Local"
"WIN81-01","False","NETDIS-WSDEVNTS-Out-TCP-NoScope","Network Discovery (WSD EventsSecure-Out)","Outbound rule for Network Discovery to allow Secure WSDAPI Events via Function Discovery. [TCP 5358]","Network Discovery","@FirewallAPI.dll,-32752","Domain","Outbound","Allow","Block","False","False",,"NotApplicable","The rule was parsed successfully from the store. (65536)","OK","PersistentStore","Local"
"WIN81-01","False","NETDIS-WSDEVNT-In-TCP-NoScope","Network Discovery (WSD Events-In)","Inbound rule for Network Discovery to allow WSDAPI Events via Function Discovery. [TCP 5357]","Network Discovery","@FirewallAPI.dll,-32752","Domain","Inbound","Allow","Block","False","False",,"NotApplicable","The rule was parsed successfully from the store. (65536)","OK","PersistentStore","Local"
"WIN81-01","False","NETDIS-WSDEVNT-Out-TCP-NoScope","Network Discovery (WSD Events-Out)","Outbound rule for Network Discovery to allow WSDAPI Events via Function Discovery. [TCP 5357]","Network Discovery","@FirewallAPI.dll,-32752","Domain","Outbound","Allow","Block","False","False",,"NotApplicable","The rule was parsed successfully from the store. (65536)","OK","PersistentStore","Local"
"WIN81-01","True","NETDIS-SSDPSrv-In-UDP-Active","Network Discovery (SSDP-In)","Inbound rule for Network Discovery to allow use of the Simple Service Discovery Protocol. [UDP 1900]","Network Discovery","@FirewallAPI.dll,-32752","Private","Inbound","Allow","Block","False","False",,"NotApplicable","The rule was parsed successfully from the store. (65536)","OK","PersistentStore","Local"
"WIN81-01","True","NETDIS-SSDPSrv-Out-UDP-Active","Network Discovery (SSDP-Out)","Outbound rule for Network Discovery to allow use of the Simple Service Discovery Protocol. [UDP 1900]","Network Discovery","@FirewallAPI.dll,-32752","Private","Outbound","Allow","Block","False","False",,"NotApplicable","The rule was parsed successfully from the store. (65536)","OK","PersistentStore","Local"
"WIN81-01","True","NETDIS-UPnPHost-In-TCP-Active","Network Discovery (UPnP-In)","Inbound rule for Network Discovery to allow use of Universal Plug and Play. [TCP 2869]","Network Discovery","@FirewallAPI.dll,-32752","Private","Inbound","Allow","Block","False","False",,"NotApplicable","The rule was parsed successfully from the store. (65536)","OK","PersistentStore","Local"
"WIN81-01","True","NETDIS-UPnPHost-Out-TCP-Active","Network Discovery (UPnP-Out)","Outbound rule for Network Discovery to allow use of Universal Plug and Play. [TCP]","Network Discovery","@FirewallAPI.dll,-32752","Private","Outbound","Allow","Block","False","False",,"NotApplicable","The rule was parsed successfully from the store. (65536)","OK","PersistentStore","Local"
"WIN81-01","True","NETDIS-UPnP-Out-TCP-Active","Network Discovery (UPnPHost-Out)","Outbound rule for Network Discovery to allow use of Universal Plug and Play. [TCP]","Network Discovery","@FirewallAPI.dll,-32752","Private","Outbound","Allow","Block","False","False",,"NotApplicable","The rule was parsed successfully from the store. (65536)","OK","PersistentStore","Local"
"WIN81-01","True","NETDIS-NB_Name-In-UDP-Active","Network Discovery (NB-Name-In)","Inbound rule for Network Discovery to allow NetBIOS Name Resolution. [UDP 137]","Network Discovery","@FirewallAPI.dll,-32752","Private","Inbound","Allow","Block","False","False",,"NotApplicable","The rule was parsed successfully from the store. (65536)","OK","PersistentStore","Local"
"WIN81-01","True","NETDIS-NB_Name-Out-UDP-Active","Network Discovery (NB-Name-Out)","Outbound rule for Network Discovery to allow NetBIOS Name Resolution. [UDP 137]","Network Discovery","@FirewallAPI.dll,-32752","Private","Outbound","Allow","Block","False","False",,"NotApplicable","The rule was parsed successfully from the store. (65536)","OK","PersistentStore","Local"
"WIN81-01","True","NETDIS-NB_Datagram-In-UDP-Active","Network Discovery (NB-Datagram-In)","Inbound rule for Network Discovery to allow NetBIOS Datagram transmission and reception. [UDP 138]","Network Discovery","@FirewallAPI.dll,-32752","Private","Inbound","Allow","Block","False","False",,"NotApplicable","The rule was parsed successfully from the store. (65536)","OK","PersistentStore","Local"
"WIN81-01","True","NETDIS-NB_Datagram-Out-UDP-Active","Network Discovery (NB-Datagram-Out)","Outbound rule for Network Discovery to allow NetBIOS Datagram transmission and reception. [UDP 138]","Network Discovery","@FirewallAPI.dll,-32752","Private","Outbound","Allow","Block","False","False",,"NotApplicable","The rule was parsed successfully from the store. (65536)","OK","PersistentStore","Local"
"WIN81-01","True","NETDIS-FDPHOST-In-UDP-Active","Network Discovery (WSD-In)","Inbound rule for Network Discovery to discover devices via Function Discovery. [UDP 3702]","Network Discovery","@FirewallAPI.dll,-32752","Private","Inbound","Allow","Block","False","False",,"NotApplicable","The rule was parsed successfully from the store. (65536)","OK","PersistentStore","Local"
"WIN81-01","True","NETDIS-DAS-In-UDP-Active","Network Discovery (WSD-In)","Inbound rule for Network Discovery to discover devices via Device Association Framework. [UDP 3702]","Network Discovery","@FirewallAPI.dll,-32752","Private","Inbound","Allow","Block","False","False",,"NotApplicable","The rule was parsed successfully from the store. (65536)","OK","PersistentStore","Local"
"WIN81-01","True","NETDIS-FDPHOST-Out-UDP-Active","Network Discovery (WSD-Out)","Outbound rule for Network Discovery to discover devices via Function Discovery. [UDP 3702]","Network Discovery","@FirewallAPI.dll,-32752","Private","Outbound","Allow","Block","False","False",,"NotApplicable","The rule was parsed successfully from the store. (65536)","OK","PersistentStore","Local"
"WIN81-01","True","NETDIS-LLMNR-In-UDP-Active","Network Discovery (LLMNR-UDP-In)","Inbound rule for Network Discovery to allow Link Local Multicast Name Resolution. [UDP 5355]","Network Discovery","@FirewallAPI.dll,-32752","Private","Inbound","Allow","Block","False","False",,"NotApplicable","The rule was parsed successfully from the store. (65536)","OK","PersistentStore","Local"
"WIN81-01","True","NETDIS-LLMNR-Out-UDP-Active","Network Discovery (LLMNR-UDP-Out)","Outbound rule for Network Discovery to allow Link Local Multicast Name Resolution. [UDP 5355]","Network Discovery","@FirewallAPI.dll,-32752","Private","Outbound","Allow","Block","False","False",,"NotApplicable","The rule was parsed successfully from the store. (65536)","OK","PersistentStore","Local"
"WIN81-01","True","NETDIS-FDRESPUB-WSD-In-UDP-Active","Network Discovery (Pub-WSD-In)","Inbound rule for Network Discovery to discover devices via Function Discovery. [UDP 3702]","Network Discovery","@FirewallAPI.dll,-32752","Private","Inbound","Allow","Block","False","False",,"NotApplicable","The rule was parsed successfully from the store. (65536)","OK","PersistentStore","Local"
"WIN81-01","True","NETDIS-FDRESPUB-WSD-Out-UDP-Active","Network Discovery (Pub WSD-Out)","Outbound rule for Network Discovery to discover devices via Function Discovery. [UDP 3702]","Network Discovery","@FirewallAPI.dll,-32752","Private","Outbound","Allow","Block","False","False",,"NotApplicable","The rule was parsed successfully from the store. (65536)","OK","PersistentStore","Local"
"WIN81-01","True","NETDIS-WSDEVNTS-In-TCP-Active","Network Discovery (WSD EventsSecure-In)","Inbound rule for Network Discovery to allow Secure WSDAPI Events via Function Discovery. [TCP 5358]","Network Discovery","@FirewallAPI.dll,-32752","Private","Inbound","Allow","Block","False","False",,"NotApplicable","The rule was parsed successfully from the store. (65536)","OK","PersistentStore","Local"
"WIN81-01","True","NETDIS-WSDEVNTS-Out-TCP-Active","Network Discovery (WSD EventsSecure-Out)","Outbound rule for Network Discovery to allow Secure WSDAPI Events via Function Discovery. [TCP 5358]","Network Discovery","@FirewallAPI.dll,-32752","Private","Outbound","Allow","Block","False","False",,"NotApplicable","The rule was parsed successfully from the store. (65536)","OK","PersistentStore","Local"
"WIN81-01","True","NETDIS-WSDEVNT-In-TCP-Active","Network Discovery (WSD Events-In)","Inbound rule for Network Discovery to allow WSDAPI Events via Function Discovery. [TCP 5357]","Network Discovery","@FirewallAPI.dll,-32752","Private","Inbound","Allow","Block","False","False",,"NotApplicable","The rule was parsed successfully from the store. (65536)","OK","PersistentStore","Local"
"WIN81-01","True","NETDIS-WSDEVNT-Out-TCP-Active","Network Discovery (WSD Events-Out)","Outbound rule for Network Discovery to allow WSDAPI Events via Function Discovery. [TCP 5357]","Network Discovery","@FirewallAPI.dll,-32752","Private","Outbound","Allow","Block","False","False",,"NotApplicable","The rule was parsed successfully from the store. (65536)","OK","PersistentStore","Local"
"WIN81-01","False","NETDIS-SSDPSrv-In-UDP","Network Discovery (SSDP-In)","Inbound rule for Network Discovery to allow use of the Simple Service Discovery Protocol. [UDP 1900]","Network Discovery","@FirewallAPI.dll,-32752","Domain, Public","Inbound","Allow","Block","False","False",,"NotApplicable","The rule was parsed successfully from the store. (65536)","OK","PersistentStore","Local"
"WIN81-01","False","NETDIS-SSDPSrv-Out-UDP","Network Discovery (SSDP-Out)","Outbound rule for Network Discovery to allow use of the Simple Service Discovery Protocol. [UDP 1900]","Network Discovery","@FirewallAPI.dll,-32752","Domain, Public","Outbound","Allow","Block","False","False",,"NotApplicable","The rule was parsed successfully from the store. (65536)","OK","PersistentStore","Local"
"WIN81-01","False","NETDIS-UPnP-Out-TCP","Network Discovery (UPnPHost-Out)","Outbound rule for Network Discovery to allow use of Universal Plug and Play. [TCP]","Network Discovery","@FirewallAPI.dll,-32752","Domain, Public","Outbound","Allow","Block","False","False",,"NotApplicable","The rule was parsed successfully from the store. (65536)","OK","PersistentStore","Local"
"WIN81-01","False","NETDIS-UPnPHost-In-TCP","Network Discovery (UPnP-In)","Inbound rule for Network Discovery to allow use of Universal Plug and Play. [TCP 2869]","Network Discovery","@FirewallAPI.dll,-32752","Public","Inbound","Allow","Block","False","False",,"NotApplicable","The rule was parsed successfully from the store. (65536)","OK","PersistentStore","Local"
"WIN81-01","False","NETDIS-UPnPHost-Out-TCP","Network Discovery (UPnP-Out)","Outbound rule for Network Discovery to allow use of Universal Plug and Play. [TCP]","Network Discovery","@FirewallAPI.dll,-32752","Public","Outbound","Allow","Block","False","False",,"NotApplicable","The rule was parsed successfully from the store. (65536)","OK","PersistentStore","Local"
"WIN81-01","False","NETDIS-NB_Name-In-UDP","Network Discovery (NB-Name-In)","Inbound rule for Network Discovery to allow NetBIOS Name Resolution. [UDP 137]","Network Discovery","@FirewallAPI.dll,-32752","Public","Inbound","Allow","Block","False","False",,"NotApplicable","The rule was parsed successfully from the store. (65536)","OK","PersistentStore","Local"
"WIN81-01","False","NETDIS-NB_Name-Out-UDP","Network Discovery (NB-Name-Out)","Outbound rule for Network Discovery to allow NetBIOS Name Resolution. [UDP 137]","Network Discovery","@FirewallAPI.dll,-32752","Public","Outbound","Allow","Block","False","False",,"NotApplicable","The rule was parsed successfully from the store. (65536)","OK","PersistentStore","Local"
"WIN81-01","False","NETDIS-NB_Datagram-In-UDP","Network Discovery (NB-Datagram-In)","Inbound rule for Network Discovery to allow NetBIOS Datagram transmission and reception. [UDP 138]","Network Discovery","@FirewallAPI.dll,-32752","Public","Inbound","Allow","Block","False","False",,"NotApplicable","The rule was parsed successfully from the store. (65536)","OK","PersistentStore","Local"
"WIN81-01","False","NETDIS-NB_Datagram-Out-UDP","Network Discovery (NB-Datagram-Out)","Outbound rule for Network Discovery to allow NetBIOS Datagram transmission and reception. [UDP 138]","Network Discovery","@FirewallAPI.dll,-32752","Public","Outbound","Allow","Block","False","False",,"NotApplicable","The rule was parsed successfully from the store. (65536)","OK","PersistentStore","Local"
"WIN81-01","False","NETDIS-FDPHOST-In-UDP","Network Discovery (WSD-In)","Inbound rule for Network Discovery to discover devices via Function Discovery. [UDP 3702]","Network Discovery","@FirewallAPI.dll,-32752","Domain, Public","Inbound","Allow","Block","False","False",,"NotApplicable","The rule was parsed successfully from the store. (65536)","OK","PersistentStore","Local"
"WIN81-01","False","NETDIS-DAS-In-UDP","Network Discovery (WSD-In)","Inbound rule for Network Discovery to discover devices via Device Association Framework. [UDP 3702]","Network Discovery","@FirewallAPI.dll,-32752","Domain, Public","Inbound","Allow","Block","False","False",,"NotApplicable","The rule was parsed successfully from the store. (65536)","OK","PersistentStore","Local"
"WIN81-01","False","NETDIS-FDPHOST-Out-UDP","Network Discovery (WSD-Out)","Outbound rule for Network Discovery to discover devices via Function Discovery. [UDP 3702]","Network Discovery","@FirewallAPI.dll,-32752","Domain, Public","Outbound","Allow","Block","False","False",,"NotApplicable","The rule was parsed successfully from the store. (65536)","OK","PersistentStore","Local"
"WIN81-01","False","NETDIS-LLMNR-In-UDP","Network Discovery (LLMNR-UDP-In)","Inbound rule for Network Discovery to allow Link Local Multicast Name Resolution. [UDP 5355]","Network Discovery","@FirewallAPI.dll,-32752","Domain, Public","Inbound","Allow","Block","False","False",,"NotApplicable","The rule was parsed successfully from the store. (65536)","OK","PersistentStore","Local"
"WIN81-01","False","NETDIS-LLMNR-Out-UDP","Network Discovery (LLMNR-UDP-Out)","Outbound rule for Network Discovery to allow Link Local Multicast Name Resolution. [UDP 5355]","Network Discovery","@FirewallAPI.dll,-32752","Domain, Public","Outbound","Allow","Block","False","False",,"NotApplicable","The rule was parsed successfully from the store. (65536)","OK","PersistentStore","Local"
"WIN81-01","False","NETDIS-FDRESPUB-WSD-In-UDP","Network Discovery (Pub-WSD-In)","Inbound rule for Network Discovery to discover devices via Function Discovery. [UDP 3702]","Network Discovery","@FirewallAPI.dll,-32752","Domain, Public","Inbound","Allow","Block","False","False",,"NotApplicable","The rule was parsed successfully from the store. (65536)","OK","PersistentStore","Local"
"WIN81-01","False","NETDIS-FDRESPUB-WSD-Out-UDP","Network Discovery (Pub WSD-Out)","Outbound rule for Network Discovery to discover devices via Function Discovery. [UDP 3702]","Network Discovery","@FirewallAPI.dll,-32752","Domain, Public","Outbound","Allow","Block","False","False",,"NotApplicable","The rule was parsed successfully from the store. (65536)","OK","PersistentStore","Local"
"WIN81-01","False","NETDIS-WSDEVNTS-In-TCP","Network Discovery (WSD EventsSecure-In)","Inbound rule for Network Discovery to allow Secure WSDAPI Events via Function Discovery. [TCP 5358]","Network Discovery","@FirewallAPI.dll,-32752","Public","Inbound","Allow","Block","False","False",,"NotApplicable","The rule was parsed successfully from the store. (65536)","OK","PersistentStore","Local"
"WIN81-01","False","NETDIS-WSDEVNTS-Out-TCP","Network Discovery (WSD EventsSecure-Out)","Outbound rule for Network Discovery to allow Secure WSDAPI Events via Function Discovery. [TCP 5358]","Network Discovery","@FirewallAPI.dll,-32752","Public","Outbound","Allow","Block","False","False",,"NotApplicable","The rule was parsed successfully from the store. (65536)","OK","PersistentStore","Local"
"WIN81-01","False","NETDIS-WSDEVNT-In-TCP","Network Discovery (WSD Events-In)","Inbound rule for Network Discovery to allow WSDAPI Events via Function Discovery. [TCP 5357]","Network Discovery","@FirewallAPI.dll,-32752","Public","Inbound","Allow","Block","False","False",,"NotApplicable","The rule was parsed successfully from the store. (65536)","OK","PersistentStore","Local"
"WIN81-01","False","NETDIS-WSDEVNT-Out-TCP","Network Discovery (WSD Events-Out)","Outbound rule for Network Discovery to allow WSDAPI Events via Function Discovery. [TCP 5357]","Network Discovery","@FirewallAPI.dll,-32752","Public","Outbound","Allow","Block","False","False",,"NotApplicable","The rule was parsed successfully from the store. (65536)","OK","PersistentStore","Local"
"WIN81-01","False","EventForwarder-In-TCP","Remote Event Monitor (RPC)","Inbound rule for remote event monitoring via RPC/TCP.","Remote Event Monitor","@FirewallAPI.dll,-36801","Any","Inbound","Allow","Block","False","False",,"NotApplicable","The rule was parsed successfully from the store. (65536)","OK","PersistentStore","Local"
"WIN81-01","False","EventForwarder-RPCSS-In-TCP","Remote Event Monitor (RPC-EPMAP)","Inbound rule for the RPCSS service to allow RPC/TCP traffic for remote event monitoring.","Remote Event Monitor","@FirewallAPI.dll,-36801","Any","Inbound","Allow","Block","False","False",,"NotApplicable","The rule was parsed successfully from the store. (65536)","OK","PersistentStore","Local"
"WIN81-01","False","RemoteFwAdmin-In-TCP-NoScope","Windows Firewall Remote Management (RPC)","Inbound rule for the Windows Firewall to be remotely managed via RPC/TCP.","Windows Firewall Remote Management","@FirewallAPI.dll,-30002","Domain","Inbound","Allow","Block","False","False",,"NotApplicable","The rule was parsed successfully from the store. (65536)","OK","PersistentStore","Local"
"WIN81-01","False","RemoteFwAdmin-RPCSS-In-TCP-NoScope","Windows Firewall Remote Management (RPC-EPMAP)","Inbound rule for the RPCSS service to allow RPC/TCP traffic for the Windows Firewall.","Windows Firewall Remote Management","@FirewallAPI.dll,-30002","Domain","Inbound","Allow","Block","False","False",,"NotApplicable","The rule was parsed successfully from the store. (65536)","OK","PersistentStore","Local"
"WIN81-01","False","RemoteFwAdmin-In-TCP","Windows Firewall Remote Management (RPC)","Inbound rule for the Windows Firewall to be remotely managed via RPC/TCP.","Windows Firewall Remote Management","@FirewallAPI.dll,-30002","Private, Public","Inbound","Allow","Block","False","False",,"NotApplicable","The rule was parsed successfully from the store. (65536)","OK","PersistentStore","Local"
"WIN81-01","False","RemoteFwAdmin-RPCSS-In-TCP","Windows Firewall Remote Management (RPC-EPMAP)","Inbound rule for the RPCSS service to allow RPC/TCP traffic for the Windows Firewall.","Windows Firewall Remote Management","@FirewallAPI.dll,-30002","Private, Public","Inbound","Allow","Block","False","False",,"NotApplicable","The rule was parsed successfully from the store. (65536)","OK","PersistentStore","Local"
"WIN81-01","False","TPMVSCMGR-RPCSS-In-TCP-NoScope","TPM Virtual Smart Card Management (DCOM-In)","Inbound rule for remote TPM Virtual Smart Card Management to allow DCOM activation. [TCP 135]","TPM Virtual Smart Card Management","@FirewallAPI.dll,-36501","Domain","Inbound","Allow","Block","False","False",,"NotApplicable","The rule was parsed successfully from the store. (65536)","OK","PersistentStore","Local"
"WIN81-01","False","TPMVSCMGR-Server-In-TCP-NoScope","TPM Virtual Smart Card Management (TCP-In)","Inbound rule for remote TPM Virtual Smart Card Management traffic. [TCP]","TPM Virtual Smart Card Management","@FirewallAPI.dll,-36501","Domain","Inbound","Allow","Block","False","False",,"NotApplicable","The rule was parsed successfully from the store. (65536)","OK","PersistentStore","Local"
"WIN81-01","False","TPMVSCMGR-Server-Out-TCP-NoScope","TPM Virtual Smart Card Management (TCP-Out)","Outbound rule for remote TPM Virtual Smart Card Management traffic. [TCP]","TPM Virtual Smart Card Management","@FirewallAPI.dll,-36501","Domain","Outbound","Allow","Block","False","False",,"NotApplicable","The rule was parsed successfully from the store. (65536)","OK","PersistentStore","Local"
"WIN81-01","False","TPMVSCMGR-RPCSS-In-TCP","TPM Virtual Smart Card Management (DCOM-In)","Inbound rule for remote TPM Virtual Smart Card Management to allow DCOM activation. [TCP 135]","TPM Virtual Smart Card Management","@FirewallAPI.dll,-36501","Private, Public","Inbound","Allow","Block","False","False",,"NotApplicable","The rule was parsed successfully from the store. (65536)","OK","PersistentStore","Local"
"WIN81-01","False","TPMVSCMGR-Server-In-TCP","TPM Virtual Smart Card Management (TCP-In)","Inbound rule for remote TPM Virtual Smart Card Management traffic. [TCP]","TPM Virtual Smart Card Management","@FirewallAPI.dll,-36501","Private, Public","Inbound","Allow","Block","False","False",,"NotApplicable","The rule was parsed successfully from the store. (65536)","OK","PersistentStore","Local"
"WIN81-01","False","TPMVSCMGR-Server-Out-TCP","TPM Virtual Smart Card Management (TCP-Out)","Outbound rule for remote TPM Virtual Smart Card Management traffic. [TCP]","TPM Virtual Smart Card Management","@FirewallAPI.dll,-36501","Private, Public","Outbound","Allow","Block","False","False",,"NotApplicable","The rule was parsed successfully from the store. (65536)","OK","PersistentStore","Local"
"WIN81-01","False","Netlogon-NamedPipe-In","Netlogon Service (NP-In)","Inbound rule for the NetLogon service to be remotely managed over Named Pipes.","Netlogon Service","@netlogon.dll,-1010","Any","Inbound","Allow","Block","False","False",,"NotApplicable","The rule was parsed successfully from the store. (65536)","OK","PersistentStore","Local"
"WIN81-01","False","Netlogon-TCP-RPC-In","Netlogon Service Authz (RPC)","Inbound rule for the NetLogon service to process remote authz requests via RPC/TCP.","Netlogon Service","@netlogon.dll,-1010","Any","Inbound","Allow","Block","False","False",,"NotApplicable","The rule was parsed successfully from the store. (65536)","OK","PersistentStore","Local"
"WIN81-01","False","Collab-P2PHost-In-TCP","Windows Peer to Peer Collaboration Foundation (TCP-In)","Inbound rule for the Windows Peer to Peer Collaboration Foundation for Peer to Peer Communication. [TCP]","Windows Peer to Peer Collaboration Foundation","@FirewallAPI.dll,-32002","Any","Inbound","Allow","DeferToApp","False","False",,"NotApplicable","The rule was parsed successfully from the store. (65536)","OK","PersistentStore","Local"
"WIN81-01","False","Collab-P2PHost-Out-TCP","Windows Peer to Peer Collaboration Foundation (TCP-Out)","Outbound rule for the Windows Peer to Peer Collaboration Foundation for Peer to Peer Communication. [TCP]","Windows Peer to Peer Collaboration Foundation","@FirewallAPI.dll,-32002","Any","Outbound","Allow","Block","False","False",,"NotApplicable","The rule was parsed successfully from the store. (65536)","OK","PersistentStore","Local"
"WIN81-01","False","Collab-P2PHost-WSD-In-UDP","Windows Peer to Peer Collaboration Foundation (WSD-In)","Inbound rule for the Windows Peer to Peer Collaboration Foundation to discover devices via WSDAPI. [UDP 3702]","Windows Peer to Peer Collaboration Foundation","@FirewallAPI.dll,-32002","Any","Inbound","Allow","Block","False","False",,"NotApplicable","The rule was parsed successfully from the store. (65536)","OK","PersistentStore","Local"
"WIN81-01","False","Collab-P2PHost-WSD-Out-UDP","Windows Peer to Peer Collaboration Foundation (WSD-Out)","Outbound rule for the Windows Peer to Peer Collaboration Foundation to discover devices via WSDAPI. [UDP 3702]","Windows Peer to Peer Collaboration Foundation","@FirewallAPI.dll,-32002","Any","Outbound","Allow","Block","False","False",,"NotApplicable","The rule was parsed successfully from the store. (65536)","OK","PersistentStore","Local"
"WIN81-01","False","Collab-PNRP-In-UDP","Windows Peer to Peer Collaboration Foundation (PNRP-In)","Inbound rule for the Windows Peer to Peer Collaboration Foundation to allow Peer Name Resolution. [UDP 3540]","Windows Peer to Peer Collaboration Foundation","@FirewallAPI.dll,-32002","Any","Inbound","Allow","DeferToApp","False","False",,"NotApplicable","The rule was parsed successfully from the store. (65536)","OK","PersistentStore","Local"
"WIN81-01","False","Collab-PNRP-Out-UDP","Windows Peer to Peer Collaboration Foundation (PNRP-Out)","Outbound rule for the Windows Peer to Peer Collaboration Foundation to allow Peer Name Resolution. [UDP 3540]","Windows Peer to Peer Collaboration Foundation","@FirewallAPI.dll,-32002","Any","Outbound","Allow","Block","False","False",,"NotApplicable","The rule was parsed successfully from the store. (65536)","OK","PersistentStore","Local"
"WIN81-01","False","Collab-PNRP-SSDPSrv-In-UDP","Windows Peer to Peer Collaboration Foundation (SSDP-In)","Inbound rule for the Windows Peer to Peer Collaboration Foundation to allow use of the Simple Service Discovery Protocol. [UDP 1900]","Windows Peer to Peer Collaboration Foundation","@FirewallAPI.dll,-32002","Any","Inbound","Allow","Block","False","False",,"NotApplicable","The rule was parsed successfully from the store. (65536)","OK","PersistentStore","Local"
"WIN81-01","False","Collab-PNRP-SSDPSrv-Out-UDP","Windows Peer to Peer Collaboration Foundation (SSDP-Out)","Outbound rule for the Windows Peer to Peer Collaboration Foundation to allow use of the Simple Service Discovery Protocol. [UDP 1900]","Windows Peer to Peer Collaboration Foundation","@FirewallAPI.dll,-32002","Any","Outbound","Allow","Block","False","False",,"NotApplicable","The rule was parsed successfully from the store. (65536)","OK","PersistentStore","Local"
"WIN81-01","True","WirelessDisplay-In-TCP","Wireless Display (TCP-In)","Inbound rule for Wireless Display [TCP]","Wireless Display","@wifidisplay.dll,-100","Private, Public","Inbound","Allow","Block","False","False",,"NotApplicable","The rule was parsed successfully from the store. (65536)","OK","PersistentStore","Local"
"WIN81-01","True","WirelessDisplay-Out-TCP","Wireless Display (TCP-Out)","Outbound rule for Wireless Display [TCP]","Wireless Display","@wifidisplay.dll,-100","Private, Public","Outbound","Allow","Block","False","False",,"NotApplicable","The rule was parsed successfully from the store. (65536)","OK","PersistentStore","Local"
"WIN81-01","True","WirelessDisplay-Out-UDP","Wireless Display (UDP-Out)","Outbound rule for Wireless Display [UDP]","Wireless Display","@wifidisplay.dll,-100","Private, Public","Outbound","Allow","Block","False","False",,"NotApplicable","The rule was parsed successfully from the store. (65536)","OK","PersistentStore","Local"
"WIN81-01","False","WMI-RPCSS-In-TCP-NoScope","Windows Management Instrumentation (DCOM-In)","Inbound rule to allow DCOM traffic for remote Windows Management Instrumentation. [TCP 135]","Windows Management Instrumentation (WMI)","@FirewallAPI.dll,-34251","Domain","Inbound","Allow","Block","False","False",,"NotApplicable","The rule was parsed successfully from the store. (65536)","OK","PersistentStore","Local"
"WIN81-01","False","WMI-WINMGMT-In-TCP-NoScope","Windows Management Instrumentation (WMI-In)","Inbound rule to allow WMI traffic for remote Windows Management Instrumentation. [TCP]","Windows Management Instrumentation (WMI)","@FirewallAPI.dll,-34251","Domain","Inbound","Allow","Block","False","False",,"NotApplicable","The rule was parsed successfully from the store. (65536)","OK","PersistentStore","Local"
"WIN81-01","False","WMI-WINMGMT-Out-TCP-NoScope","Windows Management Instrumentation (WMI-Out)","Outbound rule to allow WMI traffic for remote Windows Management Instrumentation. [TCP]","Windows Management Instrumentation (WMI)","@FirewallAPI.dll,-34251","Domain","Outbound","Allow","Block","False","False",,"NotApplicable","The rule was parsed successfully from the store. (65536)","OK","PersistentStore","Local"
"WIN81-01","False","WMI-ASYNC-In-TCP-NoScope","Windows Management Instrumentation (ASync-In)","Inbound rule to allow Asynchronous WMI traffic for remote Windows Management Instrumentation. [TCP]","Windows Management Instrumentation (WMI)","@FirewallAPI.dll,-34251","Domain","Inbound","Allow","Block","False","False",,"NotApplicable","The rule was parsed successfully from the store. (65536)","OK","PersistentStore","Local"
"WIN81-01","False","WMI-RPCSS-In-TCP","Windows Management Instrumentation (DCOM-In)","Inbound rule to allow DCOM traffic for remote Windows Management Instrumentation. [TCP 135]","Windows Management Instrumentation (WMI)","@FirewallAPI.dll,-34251","Private, Public","Inbound","Allow","Block","False","False",,"NotApplicable","The rule was parsed successfully from the store. (65536)","OK","PersistentStore","Local"
"WIN81-01","False","WMI-WINMGMT-In-TCP","Windows Management Instrumentation (WMI-In)","Inbound rule to allow WMI traffic for remote Windows Management Instrumentation. [TCP]","Windows Management Instrumentation (WMI)","@FirewallAPI.dll,-34251","Private, Public","Inbound","Allow","Block","False","False",,"NotApplicable","The rule was parsed successfully from the store. (65536)","OK","PersistentStore","Local"
"WIN81-01","False","WMI-WINMGMT-Out-TCP","Windows Management Instrumentation (WMI-Out)","Outbound rule to allow WMI traffic for remote Windows Management Instrumentation. [TCP]","Windows Management Instrumentation (WMI)","@FirewallAPI.dll,-34251","Private, Public","Outbound","Allow","Block","False","False",,"NotApplicable","The rule was parsed successfully from the store. (65536)","OK","PersistentStore","Local"
"WIN81-01","False","WMI-ASYNC-In-TCP","Windows Management Instrumentation (ASync-In)","Inbound rule to allow Asynchronous WMI traffic for remote Windows Management Instrumentation. [TCP]","Windows Management Instrumentation (WMI)","@FirewallAPI.dll,-34251","Private, Public","Inbound","Allow","Block","False","False",,"NotApplicable","The rule was parsed successfully from the store. (65536)","OK","PersistentStore","Local"
"WIN81-01","False","FPS-NB_Session-In-TCP-NoScope","File and Printer Sharing (NB-Session-In)","Inbound rule for File and Printer Sharing to allow NetBIOS Session Service connections. [TCP 139]","File and Printer Sharing","@FirewallAPI.dll,-28502","Domain","Inbound","Allow","Block","False","False",,"NotApplicable","The rule was parsed successfully from the store. (65536)","OK","PersistentStore","Local"
"WIN81-01","False","FPS-NB_Session-Out-TCP-NoScope","File and Printer Sharing (NB-Session-Out)","Outbound rule for File and Printer Sharing to allow NetBIOS Session Service connections. [TCP 139]","File and Printer Sharing","@FirewallAPI.dll,-28502","Domain","Outbound","Allow","Block","False","False",,"NotApplicable","The rule was parsed successfully from the store. (65536)","OK","PersistentStore","Local"
"WIN81-01","False","FPS-SMB-In-TCP-NoScope","File and Printer Sharing (SMB-In)","Inbound rule for File and Printer Sharing to allow Server Message Block transmission and reception via Named Pipes. [TCP 445]","File and Printer Sharing","@FirewallAPI.dll,-28502","Domain","Inbound","Allow","Block","False","False",,"NotApplicable","The rule was parsed successfully from the store. (65536)","OK","PersistentStore","Local"
"WIN81-01","False","FPS-SMB-Out-TCP-NoScope","File and Printer Sharing (SMB-Out)","Outbound rule for File and Printer Sharing to allow Server Message Block transmission and reception via Named Pipes. [TCP 445]","File and Printer Sharing","@FirewallAPI.dll,-28502","Domain","Outbound","Allow","Block","False","False",,"NotApplicable","The rule was parsed successfully from the store. (65536)","OK","PersistentStore","Local"
"WIN81-01","False","FPS-NB_Name-In-UDP-NoScope","File and Printer Sharing (NB-Name-In)","Inbound rule for File and Printer Sharing to allow NetBIOS Name Resolution. [UDP 137]","File and Printer Sharing","@FirewallAPI.dll,-28502","Domain","Inbound","Allow","Block","False","False",,"NotApplicable","The rule was parsed successfully from the store. (65536)","OK","PersistentStore","Local"
"WIN81-01","False","FPS-NB_Name-Out-UDP-NoScope","File and Printer Sharing (NB-Name-Out)","Outbound rule for File and Printer Sharing to allow NetBIOS Name Resolution. [UDP 137]","File and Printer Sharing","@FirewallAPI.dll,-28502","Domain","Outbound","Allow","Block","False","False",,"NotApplicable","The rule was parsed successfully from the store. (65536)","OK","PersistentStore","Local"
"WIN81-01","False","FPS-NB_Datagram-In-UDP-NoScope","File and Printer Sharing (NB-Datagram-In)","Inbound rule for File and Printer Sharing to allow NetBIOS Datagram transmission and reception. [UDP 138]","File and Printer Sharing","@FirewallAPI.dll,-28502","Domain","Inbound","Allow","Block","False","False",,"NotApplicable","The rule was parsed successfully from the store. (65536)","OK","PersistentStore","Local"
"WIN81-01","False","FPS-NB_Datagram-Out-UDP-NoScope","File and Printer Sharing (NB-Datagram-Out)","Outbound rule for File and Printer Sharing to allow NetBIOS Datagram transmission and reception. [UDP 138]","File and Printer Sharing","@FirewallAPI.dll,-28502","Domain","Outbound","Allow","Block","False","False",,"NotApplicable","The rule was parsed successfully from the store. (65536)","OK","PersistentStore","Local"
"WIN81-01","False","FPS-SpoolSvc-In-TCP-NoScope","File and Printer Sharing (Spooler Service - RPC)","Inbound rule for File and Printer Sharing to allow the Print Spooler Service to communicate via TCP/RPC.","File and Printer Sharing","@FirewallAPI.dll,-28502","Domain","Inbound","Allow","Block","False","False",,"NotApplicable","The rule was parsed successfully from the store. (65536)","OK","PersistentStore","Local"
"WIN81-01","False","FPS-RPCSS-In-TCP-NoScope","File and Printer Sharing (Spooler Service - RPC-EPMAP)","Inbound rule for the RPCSS service to allow RPC/TCP traffic for the Spooler Service.","File and Printer Sharing","@FirewallAPI.dll,-28502","Domain","Inbound","Allow","Block","False","False",,"NotApplicable","The rule was parsed successfully from the store. (65536)","OK","PersistentStore","Local"
"WIN81-01","False","FPS-ICMP4-ERQ-In-NoScope","File and Printer Sharing (Echo Request - ICMPv4-In)","Echo Request messages are sent as ping requests to other nodes.","File and Printer Sharing","@FirewallAPI.dll,-28502","Domain","Inbound","Allow","Block","False","False",,"NotApplicable","The rule was parsed successfully from the store. (65536)","OK","PersistentStore","Local"
"WIN81-01","False","FPS-ICMP4-ERQ-Out-NoScope","File and Printer Sharing (Echo Request - ICMPv4-Out)","Echo Request messages are sent as ping requests to other nodes.","File and Printer Sharing","@FirewallAPI.dll,-28502","Domain","Outbound","Allow","Block","False","False",,"NotApplicable","The rule was parsed successfully from the store. (65536)","OK","PersistentStore","Local"
"WIN81-01","False","FPS-ICMP6-ERQ-In-NoScope","File and Printer Sharing (Echo Request - ICMPv6-In)","Echo Request messages are sent as ping requests to other nodes.","File and Printer Sharing","@FirewallAPI.dll,-28502","Domain","Inbound","Allow","Block","False","False",,"NotApplicable","The rule was parsed successfully from the store. (65536)","OK","PersistentStore","Local"
"WIN81-01","False","FPS-ICMP6-ERQ-Out-NoScope","File and Printer Sharing (Echo Request - ICMPv6-Out)","Echo Request messages are sent as ping requests to other nodes.","File and Printer Sharing","@FirewallAPI.dll,-28502","Domain","Outbound","Allow","Block","False","False",,"NotApplicable","The rule was parsed successfully from the store. (65536)","OK","PersistentStore","Local"
"WIN81-01","False","FPS-NB_Session-In-TCP","File and Printer Sharing (NB-Session-In)","Inbound rule for File and Printer Sharing to allow NetBIOS Session Service connections. [TCP 139]","File and Printer Sharing","@FirewallAPI.dll,-28502","Private, Public","Inbound","Allow","Block","False","False",,"NotApplicable","The rule was parsed successfully from the store. (65536)","OK","PersistentStore","Local"
"WIN81-01","False","FPS-NB_Session-Out-TCP","File and Printer Sharing (NB-Session-Out)","Outbound rule for File and Printer Sharing to allow NetBIOS Session Service connections. [TCP 139]","File and Printer Sharing","@FirewallAPI.dll,-28502","Private, Public","Outbound","Allow","Block","False","False",,"NotApplicable","The rule was parsed successfully from the store. (65536)","OK","PersistentStore","Local"
"WIN81-01","False","FPS-SMB-In-TCP","File and Printer Sharing (SMB-In)","Inbound rule for File and Printer Sharing to allow Server Message Block transmission and reception via Named Pipes. [TCP 445]","File and Printer Sharing","@FirewallAPI.dll,-28502","Private, Public","Inbound","Allow","Block","False","False",,"NotApplicable","The rule was parsed successfully from the store. (65536)","OK","PersistentStore","Local"
"WIN81-01","False","FPS-SMB-Out-TCP","File and Printer Sharing (SMB-Out)","Outbound rule for File and Printer Sharing to allow Server Message Block transmission and reception via Named Pipes. [TCP 445]","File and Printer Sharing","@FirewallAPI.dll,-28502","Private, Public","Outbound","Allow","Block","False","False",,"NotApplicable","The rule was parsed successfully from the store. (65536)","OK","PersistentStore","Local"
"WIN81-01","False","FPS-NB_Name-In-UDP","File and Printer Sharing (NB-Name-In)","Inbound rule for File and Printer Sharing to allow NetBIOS Name Resolution. [UDP 137]","File and Printer Sharing","@FirewallAPI.dll,-28502","Private, Public","Inbound","Allow","Block","False","False",,"NotApplicable","The rule was parsed successfully from the store. (65536)","OK","PersistentStore","Local"
"WIN81-01","False","FPS-NB_Name-Out-UDP","File and Printer Sharing (NB-Name-Out)","Outbound rule for File and Printer Sharing to allow NetBIOS Name Resolution. [UDP 137]","File and Printer Sharing","@FirewallAPI.dll,-28502","Private, Public","Outbound","Allow","Block","False","False",,"NotApplicable","The rule was parsed successfully from the store. (65536)","OK","PersistentStore","Local"
"WIN81-01","False","FPS-NB_Datagram-In-UDP","File and Printer Sharing (NB-Datagram-In)","Inbound rule for File and Printer Sharing to allow NetBIOS Datagram transmission and reception. [UDP 138]","File and Printer Sharing","@FirewallAPI.dll,-28502","Private, Public","Inbound","Allow","Block","False","False",,"NotApplicable","The rule was parsed successfully from the store. (65536)","OK","PersistentStore","Local"
"WIN81-01","False","FPS-NB_Datagram-Out-UDP","File and Printer Sharing (NB-Datagram-Out)","Outbound rule for File and Printer Sharing to allow NetBIOS Datagram transmission and reception. [UDP 138]","File and Printer Sharing","@FirewallAPI.dll,-28502","Private, Public","Outbound","Allow","Block","False","False",,"NotApplicable","The rule was parsed successfully from the store. (65536)","OK","PersistentStore","Local"
"WIN81-01","False","FPS-SpoolSvc-In-TCP","File and Printer Sharing (Spooler Service - RPC)","Inbound rule for File and Printer Sharing to allow the Print Spooler Service to communicate via TCP/RPC.","File and Printer Sharing","@FirewallAPI.dll,-28502","Private, Public","Inbound","Allow","Block","False","False",,"NotApplicable","The rule was parsed successfully from the store. (65536)","OK","PersistentStore","Local"
"WIN81-01","False","FPS-RPCSS-In-TCP","File and Printer Sharing (Spooler Service - RPC-EPMAP)","Inbound rule for the RPCSS service to allow RPC/TCP traffic for the Spooler Service.","File and Printer Sharing","@FirewallAPI.dll,-28502","Private, Public","Inbound","Allow","Block","False","False",,"NotApplicable","The rule was parsed successfully from the store. (65536)","OK","PersistentStore","Local"
"WIN81-01","False","FPS-ICMP4-ERQ-In","File and Printer Sharing (Echo Request - ICMPv4-In)","Echo Request messages are sent as ping requests to other nodes.","File and Printer Sharing","@FirewallAPI.dll,-28502","Private, Public","Inbound","Allow","Block","False","False",,"NotApplicable","The rule was parsed successfully from the store. (65536)","OK","PersistentStore","Local"
"WIN81-01","False","FPS-ICMP4-ERQ-Out","File and Printer Sharing (Echo Request - ICMPv4-Out)","Echo Request messages are sent as ping requests to other nodes.","File and Printer Sharing","@FirewallAPI.dll,-28502","Private, Public","Outbound","Allow","Block","False","False",,"NotApplicable","The rule was parsed successfully from the store. (65536)","OK","PersistentStore","Local"
"WIN81-01","False","FPS-ICMP6-ERQ-In","File and Printer Sharing (Echo Request - ICMPv6-In)","Echo Request messages are sent as ping requests to other nodes.","File and Printer Sharing","@FirewallAPI.dll,-28502","Private, Public","Inbound","Allow","Block","False","False",,"NotApplicable","The rule was parsed successfully from the store. (65536)","OK","PersistentStore","Local"
"WIN81-01","False","FPS-ICMP6-ERQ-Out","File and Printer Sharing (Echo Request - ICMPv6-Out)","Echo Request messages are sent as ping requests to other nodes.","File and Printer Sharing","@FirewallAPI.dll,-28502","Private, Public","Outbound","Allow","Block","False","False",,"NotApplicable","The rule was parsed successfully from the store. (65536)","OK","PersistentStore","Local"
"WIN81-01","False","FPS-LLMNR-In-UDP","File and Printer Sharing (LLMNR-UDP-In)","Inbound rule for File and Printer Sharing to allow Link Local Multicast Name Resolution. [UDP 5355]","File and Printer Sharing","@FirewallAPI.dll,-28502","Any","Inbound","Allow","Block","False","False",,"NotApplicable","The rule was parsed successfully from the store. (65536)","OK","PersistentStore","Local"
"WIN81-01","False","FPS-LLMNR-Out-UDP","File and Printer Sharing (LLMNR-UDP-Out)","Outbound rule for File and Printer Sharing to allow Link Local Multicast Name Resolution. [UDP 5355]","File and Printer Sharing","@FirewallAPI.dll,-28502","Any","Outbound","Allow","Block","False","False",,"NotApplicable","The rule was parsed successfully from the store. (65536)","OK","PersistentStore","Local"
"WIN81-01","True","WINRM-HTTP-In-TCP-NoScope","Windows Remote Management (HTTP-In)","Inbound rule for Windows Remote Management via WS-Management. [TCP 5985]","Windows Remote Management","@FirewallAPI.dll,-30267","Domain, Private","Inbound","Allow","Block","False","False",,"NotApplicable","The rule was parsed successfully from the store. (65536)","OK","PersistentStore","Local"
"WIN81-01","True","WINRM-HTTP-In-TCP","Windows Remote Management (HTTP-In)","Inbound rule for Windows Remote Management via WS-Management. [TCP 5985]","Windows Remote Management","@FirewallAPI.dll,-30267","Public","Inbound","Allow","Block","False","False",,"NotApplicable","The rule was parsed successfully from the store. (65536)","OK","PersistentStore","Local"
"WIN81-01","False","WINRM-HTTP-Compat-In-TCP-NoScope","Windows Remote Management - Compatibility Mode (HTTP-In)","Compatibility mode inbound rule for Windows Remote Management via WS-Management. [TCP 80]","Windows Remote Management (Compatibility)","@FirewallAPI.dll,-30252","Domain","Inbound","Allow","Block","False","False",,"NotApplicable","The rule was parsed successfully from the store. (65536)","OK","PersistentStore","Local"
"WIN81-01","False","WINRM-HTTP-Compat-In-TCP","Windows Remote Management - Compatibility Mode (HTTP-In)","Compatibility mode inbound rule for Windows Remote Management via WS-Management. [TCP 80]","Windows Remote Management (Compatibility)","@FirewallAPI.dll,-30252","Private, Public","Inbound","Allow","Block","False","False",,"NotApplicable","The rule was parsed successfully from the store. (65536)","OK","PersistentStore","Local"
"WIN81-01","False","SSTP-IN-TCP","Secure Socket Tunneling Protocol (SSTP-In)","Inbound rule to allow HTTPS traffic for Secure Socket Tunneling Protocol. [TCP 443]","Secure Socket Tunneling Protocol","@sstpsvc.dll,-35001","Any","Inbound","Allow","Block","False","False",,"NotApplicable","The rule was parsed successfully from the store. (65536)","OK","PersistentStore","Local"
"WIN81-01","False","Microsoft-Windows-HomeGroup-ProvSvc-TCP3587-In","HomeGroup In","HomeGroup Allow In 3587","HomeGroup","@%systemroot%\system32\provsvc.dll,-202","Private","Inbound","Allow","Block","False","False",,"NotApplicable","The rule was parsed successfully from the store. (65536)","OK","PersistentStore","Local"
"WIN81-01","False","Microsoft-Windows-HomeGroup-ProvSvc-TCP3587-Out","HomeGroup Out","HomeGroup Allow Out 3587","HomeGroup","@%systemroot%\system32\provsvc.dll,-202","Private","Outbound","Allow","Block","False","False",,"NotApplicable","The rule was parsed successfully from the store. (65536)","OK","PersistentStore","Local"
"WIN81-01","False","Microsoft-Windows-HomeGroup-ProvSvc-UDP3540-In","HomeGroup In (PNRP)","HomeGroup Allow In 3540 (PNRP)","HomeGroup","@%systemroot%\system32\provsvc.dll,-202","Private","Inbound","Allow","Block","False","False",,"NotApplicable","The rule was parsed successfully from the store. (65536)","OK","PersistentStore","Local"
"WIN81-01","False","Microsoft-Windows-HomeGroup-ProvSvc-UDP3540-Out","HomeGroup Out (PNRP)","HomeGroup Allow Out 3540 (PNRP)","HomeGroup","@%systemroot%\system32\provsvc.dll,-202","Private","Outbound","Allow","Block","False","False",,"NotApplicable","The rule was parsed successfully from the store. (65536)","OK","PersistentStore","Local"
"WIN81-01","True","RemoteAssistance-In-TCP-EdgeScope","Remote Assistance (TCP-In)","Inbound rule for Remote Assistance traffic. [TCP]","Remote Assistance","@FirewallAPI.dll,-33002","Public","Inbound","Allow","DeferToApp","False","False",,"NotApplicable","The rule was parsed successfully from the store. (65536)","OK","PersistentStore","Local"
"WIN81-01","True","RemoteAssistance-Out-TCP","Remote Assistance (TCP-Out)","Outbound rule for Remote Assistance traffic. [TCP]","Remote Assistance","@FirewallAPI.dll,-33002","Public","Outbound","Allow","Block","False","False",,"NotApplicable","The rule was parsed successfully from the store. (65536)","OK","PersistentStore","Local"
"WIN81-01","True","RemoteAssistance-PnrpSvc-UDP-In-EdgeScope","Remote Assistance (PNRP-In)","Inbound rule for Remote Assistance to allow use Peer Name Resolution Protocol. [UDP 3540]","Remote Assistance","@FirewallAPI.dll,-33002","Public","Inbound","Allow","DeferToApp","False","False",,"NotApplicable","The rule was parsed successfully from the store. (65536)","OK","PersistentStore","Local"
"WIN81-01","True","RemoteAssistance-PnrpSvc-UDP-OUT","Remote Assistance (PNRP-Out)","Outbound rule for Remote Assistance to allow use of Peer Name Resolution Protocol. [UDP]","Remote Assistance","@FirewallAPI.dll,-33002","Public","Outbound","Allow","Block","False","False",,"NotApplicable","The rule was parsed successfully from the store. (65536)","OK","PersistentStore","Local"
"WIN81-01","True","RemoteAssistance-RAServer-In-TCP-NoScope-Active","Remote Assistance (RA Server TCP-In)","Inbound rule for Remote Assistance to allow offers for assistance. [TCP]","Remote Assistance","@FirewallAPI.dll,-33002","Domain","Inbound","Allow","Block","False","False",,"NotApplicable","The rule was parsed successfully from the store. (65536)","OK","PersistentStore","Local"
"WIN81-01","True","RemoteAssistance-RAServer-Out-TCP-NoScope-Active","Remote Assistance (RA Server TCP-Out)","Outbound rule for Remote Assistance to allow offers for assistance. [TCP]","Remote Assistance","@FirewallAPI.dll,-33002","Domain","Outbound","Allow","Block","False","False",,"NotApplicable","The rule was parsed successfully from the store. (65536)","OK","PersistentStore","Local"
"WIN81-01","True","RemoteAssistance-DCOM-In-TCP-NoScope-Active","Remote Assistance (DCOM-In)","Inbound rule for Remote Assistance to allow offers for assistance via DCOM. [TCP 135]","Remote Assistance","@FirewallAPI.dll,-33002","Domain","Inbound","Allow","Block","False","False",,"NotApplicable","The rule was parsed successfully from the store. (65536)","OK","PersistentStore","Local"
"WIN81-01","True","RemoteAssistance-In-TCP-EdgeScope-Active","Remote Assistance (TCP-In)","Inbound rule for Remote Assistance traffic. [TCP]","Remote Assistance","@FirewallAPI.dll,-33002","Domain, Private","Inbound","Allow","DeferToApp","False","False",,"NotApplicable","The rule was parsed successfully from the store. (65536)","OK","PersistentStore","Local"
"WIN81-01","True","RemoteAssistance-Out-TCP-Active","Remote Assistance (TCP-Out)","Outbound rule for Remote Assistance traffic. [TCP]","Remote Assistance","@FirewallAPI.dll,-33002","Domain, Private","Outbound","Allow","Block","False","False",,"NotApplicable","The rule was parsed successfully from the store. (65536)","OK","PersistentStore","Local"
"WIN81-01","True","RemoteAssistance-SSDPSrv-In-UDP-Active","Remote Assistance (SSDP UDP-In)","Inbound rule for Remote Assistance to allow use of the Simple Service Discovery Protocol. [UDP 1900]","Remote Assistance","@FirewallAPI.dll,-33002","Domain, Private","Inbound","Allow","Block","False","False",,"NotApplicable","The rule was parsed successfully from the store. (65536)","OK","PersistentStore","Local"
"WIN81-01","True","RemoteAssistance-SSDPSrv-Out-UDP-Active","Remote Assistance (SSDP UDP-Out)","Outbound rule for Remote Assistance to allow use of the Simple Service Discovery Protocol. [UDP 1900]","Remote Assistance","@FirewallAPI.dll,-33002","Domain, Private","Outbound","Allow","Block","False","False",,"NotApplicable","The rule was parsed successfully from the store. (65536)","OK","PersistentStore","Local"
"WIN81-01","True","RemoteAssistance-SSDPSrv-In-TCP-Active","Remote Assistance (SSDP TCP-In)","Inbound rule for Remote Assistance to allow use of Universal Plug and Play. [TCP 2869]","Remote Assistance","@FirewallAPI.dll,-33002","Domain, Private","Inbound","Allow","Block","False","False",,"NotApplicable","The rule was parsed successfully from the store. (65536)","OK","PersistentStore","Local"
"WIN81-01","True","RemoteAssistance-SSDPSrv-Out-TCP-Active","Remote Assistance (SSDP TCP-Out)","Outbound rule for Remote Assistance to allow use of Universal Plug and Play. [TCP]","Remote Assistance","@FirewallAPI.dll,-33002","Domain, Private","Outbound","Allow","Block","False","False",,"NotApplicable","The rule was parsed successfully from the store. (65536)","OK","PersistentStore","Local"
"WIN81-01","True","RemoteAssistance-PnrpSvc-UDP-In-EdgeScope-Active","Remote Assistance (PNRP-In)","Inbound rule for Remote Assistance to allow use Peer Name Resolution Protocol. [UDP 3540]","Remote Assistance","@FirewallAPI.dll,-33002","Domain, Private","Inbound","Allow","DeferToApp","False","False",,"NotApplicable","The rule was parsed successfully from the store. (65536)","OK","PersistentStore","Local"
"WIN81-01","True","RemoteAssistance-PnrpSvc-UDP-OUT-Active","Remote Assistance (PNRP-Out)","Outbound rule for Remote Assistance to allow use of Peer Name Resolution Protocol. [UDP]","Remote Assistance","@FirewallAPI.dll,-33002","Domain, Private","Outbound","Allow","Block","False","False",,"NotApplicable","The rule was parsed successfully from the store. (65536)","OK","PersistentStore","Local"
"WIN81-01","False","MSDTC-In-TCP-NoScope","Distributed Transaction Coordinator (TCP-In)","Inbound rule to allow traffic for the Distributed Transaction Coordinator. [TCP]","Distributed Transaction Coordinator","@FirewallAPI.dll,-33502","Domain","Inbound","Allow","Block","False","False",,"NotApplicable","The rule was parsed successfully from the store. (65536)","OK","PersistentStore","Local"
"WIN81-01","False","MSDTC-Out-TCP-NoScope","Distributed Transaction Coordinator (TCP-Out)","Outbound rule to allow traffic for the Distributed Transaction Coordinator. [TCP]","Distributed Transaction Coordinator","@FirewallAPI.dll,-33502","Domain","Outbound","Allow","Block","False","False",,"NotApplicable","The rule was parsed successfully from the store. (65536)","OK","PersistentStore","Local"
"WIN81-01","False","MSDTC-KTMRM-In-TCP-NoScope","Distributed Transaction Coordinator (RPC)","Inbound rule for the Kernel Transaction Resource Manager for Distributed Transaction Coordinator service to be remotely managed via RPC/TCP.","Distributed Transaction Coordinator","@FirewallAPI.dll,-33502","Domain","Inbound","Allow","Block","False","False",,"NotApplicable","The rule was parsed successfully from the store. (65536)","OK","PersistentStore","Local"
"WIN81-01","False","MSDTC-RPCSS-In-TCP-NoScope","Distributed Transaction Coordinator (RPC-EPMAP)","Inbound rule for the RPCSS service to allow RPC/TCP traffic for the Kernel Transaction Resource Manager for Distributed Transaction Coordinator service.","Distributed Transaction Coordinator","@FirewallAPI.dll,-33502","Domain","Inbound","Allow","Block","False","False",,"NotApplicable","The rule was parsed successfully from the store. (65536)","OK","PersistentStore","Local"
"WIN81-01","False","MSDTC-In-TCP","Distributed Transaction Coordinator (TCP-In)","Inbound rule to allow traffic for the Distributed Transaction Coordinator. [TCP]","Distributed Transaction Coordinator","@FirewallAPI.dll,-33502","Private, Public","Inbound","Allow","Block","False","False",,"NotApplicable","The rule was parsed successfully from the store. (65536)","OK","PersistentStore","Local"
"WIN81-01","False","MSDTC-Out-TCP","Distributed Transaction Coordinator (TCP-Out)","Outbound rule to allow traffic for the Distributed Transaction Coordinator. [TCP]","Distributed Transaction Coordinator","@FirewallAPI.dll,-33502","Private, Public","Outbound","Allow","Block","False","False",,"NotApplicable","The rule was parsed successfully from the store. (65536)","OK","PersistentStore","Local"
"WIN81-01","False","MSDTC-KTMRM-In-TCP","Distributed Transaction Coordinator (RPC)","Inbound rule for the Kernel Transaction Resource Manager for Distributed Transaction Coordinator service to be remotely managed via RPC/TCP.","Distributed Transaction Coordinator","@FirewallAPI.dll,-33502","Private, Public","Inbound","Allow","Block","False","False",,"NotApplicable","The rule was parsed successfully from the store. (65536)","OK","PersistentStore","Local"
"WIN81-01","False","MSDTC-RPCSS-In-TCP","Distributed Transaction Coordinator (RPC-EPMAP)","Inbound rule for the RPCSS service to allow RPC/TCP traffic for the Kernel Transaction Resource Manager for Distributed Transaction Coordinator service.","Distributed Transaction Coordinator","@FirewallAPI.dll,-33502","Private, Public","Inbound","Allow","Block","False","False",,"NotApplicable","The rule was parsed successfully from the store. (65536)","OK","PersistentStore","Local"
"WIN81-01","False","WMPNSS-QWave-In-UDP-NoScope","Windows Media Player Network Sharing Service (qWave-UDP-In)","Inbound rule for the Windows Media Player Network Sharing Service to allow use of the Quality Windows Audio Video Experience Service. [UDP 2177]","Windows Media Player Network Sharing Service","@FirewallAPI.dll,-31252","Domain","Inbound","Allow","Block","False","False",,"NotApplicable","The rule was parsed successfully from the store. (65536)","OK","PersistentStore","Local"
"WIN81-01","False","WMPNSS-QWave-Out-UDP-NoScope","Windows Media Player Network Sharing Service (qWave-UDP-Out)","Outbound rule for the Windows Media Player Network Sharing Service to allow use of the Quality Windows Audio Video Experience Service. [UDP 2177]","Windows Media Player Network Sharing Service","@FirewallAPI.dll,-31252","Domain","Outbound","Allow","Block","False","False",,"NotApplicable","The rule was parsed successfully from the store. (65536)","OK","PersistentStore","Local"
"WIN81-01","False","WMPNSS-QWave-In-TCP-NoScope","Windows Media Player Network Sharing Service (qWave-TCP-In)","Inbound rule for the Windows Media Player Network Sharing Service to allow use of the Quality Windows Audio Video Experience Service. [TCP 2177]","Windows Media Player Network Sharing Service","@FirewallAPI.dll,-31252","Domain","Inbound","Allow","Block","False","False",,"NotApplicable","The rule was parsed successfully from the store. (65536)","OK","PersistentStore","Local"
"WIN81-01","False","WMPNSS-QWave-Out-TCP-NoScope","Windows Media Player Network Sharing Service (qWave-TCP-Out)","Outbound rule for the Windows Media Player Network Sharing Service to allow use of the Quality Windows Audio Video Experience Service. [TCP 2177]","Windows Media Player Network Sharing Service","@FirewallAPI.dll,-31252","Domain","Outbound","Allow","Block","False","False",,"NotApplicable","The rule was parsed successfully from the store. (65536)","OK","PersistentStore","Local"
"WIN81-01","False","WMPNSS-HTTPSTR-In-TCP-NoScope","Windows Media Player Network Sharing Service (HTTP-Streaming-In)","Inbound rule for the Windows Media Player Network Sharing Service to allow HTTP Media Streaming. [TCP 10243]","Windows Media Player Network Sharing Service","@FirewallAPI.dll,-31252","Domain","Inbound","Allow","Block","False","False",,"NotApplicable","The rule was parsed successfully from the store. (65536)","OK","PersistentStore","Local"
"WIN81-01","False","WMPNSS-HTTPSTR-Out-TCP-NoScope","Windows Media Player Network Sharing Service (HTTP-Streaming-Out)","Outbound rule for the Windows Media Player Network Sharing Service to allow HTTP Media Streaming. [TCP 10243]","Windows Media Player Network Sharing Service","@FirewallAPI.dll,-31252","Domain","Outbound","Allow","Block","False","False",,"NotApplicable","The rule was parsed successfully from the store. (65536)","OK","PersistentStore","Local"
"WIN81-01","False","WMPNSS-WMP-In-UDP-NoScope","Windows Media Player Network Sharing Service (Streaming-UDP-In)","Inbound rule for Windows Media Player to allow UDP Media Streaming. [UDP]","Windows Media Player Network Sharing Service","@FirewallAPI.dll,-31252","Domain","Inbound","Allow","Block","False","False",,"NotApplicable","The rule was parsed successfully from the store. (65536)","OK","PersistentStore","Local"
"WIN81-01","False","WMPNSS-WMP-Out-UDP-NoScope","Windows Media Player Network Sharing Service (Streaming-UDP-Out)","Outbound rule for Windows Media Player to allow UDP Media Streaming. [UDP]","Windows Media Player Network Sharing Service","@FirewallAPI.dll,-31252","Domain","Outbound","Allow","Block","False","False",,"NotApplicable","The rule was parsed successfully from the store. (65536)","OK","PersistentStore","Local"
"WIN81-01","False","WMPNSS-WMP-Out-TCP-NoScope","Windows Media Player Network Sharing Service (Streaming-TCP-Out)","Outbound rule for Windows Media Player to allow TCP/HTTP Media Streaming. [TCP]","Windows Media Player Network Sharing Service","@FirewallAPI.dll,-31252","Domain","Outbound","Allow","Block","False","False",,"NotApplicable","The rule was parsed successfully from the store. (65536)","OK","PersistentStore","Local"
"WIN81-01","False","WMPNSS-In-UDP-NoScope","Windows Media Player Network Sharing Service (UDP-In)","Inbound rule for the Windows Media Player Network Sharing Service to allow sharing traffic. [UDP]","Windows Media Player Network Sharing Service","@FirewallAPI.dll,-31252","Domain","Inbound","Allow","Block","False","False",,"NotApplicable","The rule was parsed successfully from the store. (65536)","OK","PersistentStore","Local"
"WIN81-01","False","WMPNSS-Out-UDP-NoScope","Windows Media Player Network Sharing Service (UDP-Out)","Outbound rule for the Windows Media Player Network Sharing Service to allow sharing traffic. [UDP]","Windows Media Player Network Sharing Service","@FirewallAPI.dll,-31252","Domain","Outbound","Allow","Block","False","False",,"NotApplicable","The rule was parsed successfully from the store. (65536)","OK","PersistentStore","Local"
"WIN81-01","False","WMPNSS-In-TCP-NoScope","Windows Media Player Network Sharing Service (TCP-In)","Inbound rule for the Windows Media Player Network Sharing Service to allow sharing traffic. [TCP]","Windows Media Player Network Sharing Service","@FirewallAPI.dll,-31252","Domain","Inbound","Allow","Block","False","False",,"NotApplicable","The rule was parsed successfully from the store. (65536)","OK","PersistentStore","Local"
"WIN81-01","False","WMPNSS-Out-TCP-NoScope","Windows Media Player Network Sharing Service (TCP-Out)","Outbound rule for the Windows Media Player Network Sharing Service to allow sharing traffic. [TCP]","Windows Media Player Network Sharing Service","@FirewallAPI.dll,-31252","Domain","Outbound","Allow","Block","False","False",,"NotApplicable","The rule was parsed successfully from the store. (65536)","OK","PersistentStore","Local"
"WIN81-01","False","WMPNSS-QWave-In-UDP","Windows Media Player Network Sharing Service (qWave-UDP-In)","Inbound rule for the Windows Media Player Network Sharing Service to allow use of the Quality Windows Audio Video Experience Service. [UDP 2177]","Windows Media Player Network Sharing Service","@FirewallAPI.dll,-31252","Private, Public","Inbound","Allow","Block","False","False",,"NotApplicable","The rule was parsed successfully from the store. (65536)","OK","PersistentStore","Local"
"WIN81-01","False","WMPNSS-QWave-Out-UDP","Windows Media Player Network Sharing Service (qWave-UDP-Out)","Outbound rule for the Windows Media Player Network Sharing Service to allow use of the Quality Windows Audio Video Experience Service. [UDP 2177]","Windows Media Player Network Sharing Service","@FirewallAPI.dll,-31252","Private, Public","Outbound","Allow","Block","False","False",,"NotApplicable","The rule was parsed successfully from the store. (65536)","OK","PersistentStore","Local"
"WIN81-01","False","WMPNSS-QWave-In-TCP","Windows Media Player Network Sharing Service (qWave-TCP-In)","Inbound rule for the Windows Media Player Network Sharing Service to allow use of the Quality Windows Audio Video Experience Service. [TCP 2177]","Windows Media Player Network Sharing Service","@FirewallAPI.dll,-31252","Private, Public","Inbound","Allow","Block","False","False",,"NotApplicable","The rule was parsed successfully from the store. (65536)","OK","PersistentStore","Local"
"WIN81-01","False","WMPNSS-QWave-Out-TCP","Windows Media Player Network Sharing Service (qWave-TCP-Out)","Outbound rule for the Windows Media Player Network Sharing Service to allow use of the Quality Windows Audio Video Experience Service. [TCP 2177]","Windows Media Player Network Sharing Service","@FirewallAPI.dll,-31252","Private, Public","Outbound","Allow","Block","False","False",,"NotApplicable","The rule was parsed successfully from the store. (65536)","OK","PersistentStore","Local"
"WIN81-01","False","WMPNSS-SSDPSrv-In-UDP","Windows Media Player Network Sharing Service (SSDP-In)","Inbound rule for the Windows Media Player Network Sharing Service to allow use of the Simple Service Discovery Protocol. [UDP 1900]","Windows Media Player Network Sharing Service","@FirewallAPI.dll,-31252","Any","Inbound","Allow","Block","False","False",,"NotApplicable","The rule was parsed successfully from the store. (65536)","OK","PersistentStore","Local"
"WIN81-01","False","WMPNSS-SSDPSrv-Out-UDP","Windows Media Player Network Sharing Service (SSDP-Out)","Outbound rule for the Windows Media Player Network Sharing Service to allow use of the Simple Service Discovery Protocol. [UDP 1900]","Windows Media Player Network Sharing Service","@FirewallAPI.dll,-31252","Any","Outbound","Allow","Block","False","False",,"NotApplicable","The rule was parsed successfully from the store. (65536)","OK","PersistentStore","Local"
"WIN81-01","False","WMPNSS-UPnPHost-In-TCP","Windows Media Player Network Sharing Service (UPnP-In)","Inbound rule for the Windows Media Player Network Sharing Service to allow use of Universal Plug and Play. [TCP 2869]","Windows Media Player Network Sharing Service","@FirewallAPI.dll,-31252","Any","Inbound","Allow","Block","False","False",,"NotApplicable","The rule was parsed successfully from the store. (65536)","OK","PersistentStore","Local"
"WIN81-01","False","WMPNSS-UPnPHost-Out-TCP","Windows Media Player Network Sharing Service (UPnP-Out)","Outbound rule for the Windows Media Player Network Sharing Service to allow use of Universal Plug and Play. [TCP]","Windows Media Player Network Sharing Service","@FirewallAPI.dll,-31252","Any","Outbound","Allow","Block","False","False",,"NotApplicable","The rule was parsed successfully from the store. (65536)","OK","PersistentStore","Local"
"WIN81-01","False","WMPNSS-HTTPSTR-In-TCP","Windows Media Player Network Sharing Service (HTTP-Streaming-In)","Inbound rule for the Windows Media Player Network Sharing Service to allow HTTP Media Streaming. [TCP 10243]","Windows Media Player Network Sharing Service","@FirewallAPI.dll,-31252","Private, Public","Inbound","Allow","Block","False","False",,"NotApplicable","The rule was parsed successfully from the store. (65536)","OK","PersistentStore","Local"
"WIN81-01","False","WMPNSS-HTTPSTR-Out-TCP","Windows Media Player Network Sharing Service (HTTP-Streaming-Out)","Outbound rule for the Windows Media Player Network Sharing Service to allow HTTP Media Streaming. [TCP 10243]","Windows Media Player Network Sharing Service","@FirewallAPI.dll,-31252","Private, Public","Outbound","Allow","Block","False","False",,"NotApplicable","The rule was parsed successfully from the store. (65536)","OK","PersistentStore","Local"
"WIN81-01","False","WMPNSS-WMP-In-UDP","Windows Media Player Network Sharing Service (Streaming-UDP-In)","Inbound rule for Windows Media Player to allow UDP Media Streaming. [UDP]","Windows Media Player Network Sharing Service","@FirewallAPI.dll,-31252","Private, Public","Inbound","Allow","Block","False","False",,"NotApplicable","The rule was parsed successfully from the store. (65536)","OK","PersistentStore","Local"
"WIN81-01","False","WMPNSS-WMP-Out-UDP","Windows Media Player Network Sharing Service (Streaming-UDP-Out)","Outbound rule for Windows Media Player to allow UDP Media Streaming. [UDP]","Windows Media Player Network Sharing Service","@FirewallAPI.dll,-31252","Private, Public","Outbound","Allow","Block","False","False",,"NotApplicable","The rule was parsed successfully from the store. (65536)","OK","PersistentStore","Local"
"WIN81-01","False","WMPNSS-WMP-Out-TCP","Windows Media Player Network Sharing Service (Streaming-TCP-Out)","Outbound rule for Windows Media Player to allow TCP/HTTP Media Streaming. [TCP]","Windows Media Player Network Sharing Service","@FirewallAPI.dll,-31252","Private, Public","Outbound","Allow","Block","False","False",,"NotApplicable","The rule was parsed successfully from the store. (65536)","OK","PersistentStore","Local"
"WIN81-01","False","WMPNSS-In-UDP","Windows Media Player Network Sharing Service (UDP-In)","Inbound rule for the Windows Media Player Network Sharing Service to allow sharing traffic. [UDP]","Windows Media Player Network Sharing Service","@FirewallAPI.dll,-31252","Private, Public","Inbound","Allow","Block","False","False",,"NotApplicable","The rule was parsed successfully from the store. (65536)","OK","PersistentStore","Local"
"WIN81-01","False","WMPNSS-Out-UDP","Windows Media Player Network Sharing Service (UDP-Out)","Outbound rule for the Windows Media Player Network Sharing Service to allow sharing traffic. [UDP]","Windows Media Player Network Sharing Service","@FirewallAPI.dll,-31252","Private, Public","Outbound","Allow","Block","False","False",,"NotApplicable","The rule was parsed successfully from the store. (65536)","OK","PersistentStore","Local"
"WIN81-01","False","WMPNSS-In-TCP","Windows Media Player Network Sharing Service (TCP-In)","Inbound rule for the Windows Media Player Network Sharing Service to allow sharing traffic. [TCP]","Windows Media Player Network Sharing Service","@FirewallAPI.dll,-31252","Private, Public","Inbound","Allow","Block","False","False",,"NotApplicable","The rule was parsed successfully from the store. (65536)","OK","PersistentStore","Local"
"WIN81-01","False","WMPNSS-Out-TCP","Windows Media Player Network Sharing Service (TCP-Out)","Outbound rule for the Windows Media Player Network Sharing Service to allow sharing traffic. [TCP]","Windows Media Player Network Sharing Service","@FirewallAPI.dll,-31252","Private, Public","Outbound","Allow","Block","False","False",,"NotApplicable","The rule was parsed successfully from the store. (65536)","OK","PersistentStore","Local"
"WIN81-01","False","WMPNSS-UPnP-Out-TCP","Windows Media Player Network Sharing Service (UPnPHost-Out)","Outbound rule for the Windows Media Player Network Sharing Service to allow use of Universal Plug and Play. [TCP]","Windows Media Player Network Sharing Service","@FirewallAPI.dll,-31252","Any","Outbound","Allow","Block","False","False",,"NotApplicable","The rule was parsed successfully from the store. (65536)","OK","PersistentStore","Local"
"WIN81-01","False","WMPNSS-RME-HTTP-In-TCP","Windows Media Player Network Sharing Service (HTTP-Streaming-In)","Inbound rule for the Windows Media Player Network Sharing Service to allow HTTP Media Streaming. [TCP 10245]","Windows Media Player Network Sharing Service (Internet)","@FirewallAPI.dll,-31500","Domain, Private","Inbound","Allow","DeferToApp","False","False",,"NotApplicable","The rule was parsed successfully from the store. (65536)","OK","PersistentStore","Local"
"WIN81-01","False","RemoteEventLogSvc-In-TCP-NoScope","Remote Event Log Management (RPC)","Inbound rule for the local Event Log service to be remotely managed via RPC/TCP.","Remote Event Log Management","@FirewallAPI.dll,-29252","Domain","Inbound","Allow","Block","False","False",,"NotApplicable","The rule was parsed successfully from the store. (65536)","OK","PersistentStore","Local"
"WIN81-01","False","RemoteEventLogSvc-NP-In-TCP-NoScope","Remote Event Log Management (NP-In)","Inbound rule for the local Event Log service to be remotely managed over Named Pipes.","Remote Event Log Management","@FirewallAPI.dll,-29252","Domain","Inbound","Allow","Block","False","False",,"NotApplicable","The rule was parsed successfully from the store. (65536)","OK","PersistentStore","Local"
"WIN81-01","False","RemoteEventLogSvc-RPCSS-In-TCP-NoScope","Remote Event Log Management (RPC-EPMAP)","Inbound rule for the RPCSS service to allow RPC/TCP traffic for the local Event Log Service.","Remote Event Log Management","@FirewallAPI.dll,-29252","Domain","Inbound","Allow","Block","False","False",,"NotApplicable","The rule was parsed successfully from the store. (65536)","OK","PersistentStore","Local"
"WIN81-01","False","RemoteEventLogSvc-In-TCP","Remote Event Log Management (RPC)","Inbound rule for the local Event Log service to be remotely managed via RPC/TCP.","Remote Event Log Management","@FirewallAPI.dll,-29252","Private, Public","Inbound","Allow","Block","False","False",,"NotApplicable","The rule was parsed successfully from the store. (65536)","OK","PersistentStore","Local"
"WIN81-01","False","RemoteEventLogSvc-NP-In-TCP","Remote Event Log Management (NP-In)","Inbound rule for the local Event Log service to be remotely managed over Named Pipes.","Remote Event Log Management","@FirewallAPI.dll,-29252","Private, Public","Inbound","Allow","Block","False","False",,"NotApplicable","The rule was parsed successfully from the store. (65536)","OK","PersistentStore","Local"
"WIN81-01","False","RemoteEventLogSvc-RPCSS-In-TCP","Remote Event Log Management (RPC-EPMAP)","Inbound rule for the RPCSS service to allow RPC/TCP traffic for the local Event Log Service.","Remote Event Log Management","@FirewallAPI.dll,-29252","Private, Public","Inbound","Allow","Block","False","False",,"NotApplicable","The rule was parsed successfully from the store. (65536)","OK","PersistentStore","Local"
"WIN81-01","False","RemoteTask-In-TCP-NoScope","Remote Scheduled Tasks Management (RPC)","Inbound rule for the Task Scheduler service to be remotely managed via RPC/TCP.","Remote Scheduled Tasks Management","@FirewallAPI.dll,-33252","Domain","Inbound","Allow","Block","False","False",,"NotApplicable","The rule was parsed successfully from the store. (65536)","OK","PersistentStore","Local"
"WIN81-01","False","RemoteTask-RPCSS-In-TCP-NoScope","Remote Scheduled Tasks Management (RPC-EPMAP)","Inbound rule for the RPCSS service to allow RPC/TCP traffic for the Task Scheduler service.","Remote Scheduled Tasks Management","@FirewallAPI.dll,-33252","Domain","Inbound","Allow","Block","False","False",,"NotApplicable","The rule was parsed successfully from the store. (65536)","OK","PersistentStore","Local"
"WIN81-01","False","RemoteTask-In-TCP","Remote Scheduled Tasks Management (RPC)","Inbound rule for the Task Scheduler service to be remotely managed via RPC/TCP.","Remote Scheduled Tasks Management","@FirewallAPI.dll,-33252","Private, Public","Inbound","Allow","Block","False","False",,"NotApplicable","The rule was parsed successfully from the store. (65536)","OK","PersistentStore","Local"
"WIN81-01","False","RemoteTask-RPCSS-In-TCP","Remote Scheduled Tasks Management (RPC-EPMAP)","Inbound rule for the RPCSS service to allow RPC/TCP traffic for the Task Scheduler service.","Remote Scheduled Tasks Management","@FirewallAPI.dll,-33252","Private, Public","Inbound","Allow","Block","False","False",,"NotApplicable","The rule was parsed successfully from the store. (65536)","OK","PersistentStore","Local"
"WIN81-01","False","RVM-VDS-In-TCP-NoScope","Remote Volume Management - Virtual Disk Service (RPC)","Inbound rule for the Remote Volume Management - Virtual Disk Service to be remotely managed via RPC/TCP.","Remote Volume Management","@FirewallAPI.dll,-34501","Domain","Inbound","Allow","Block","False","False",,"NotApplicable","The rule was parsed successfully from the store. (65536)","OK","PersistentStore","Local"
"WIN81-01","False","RVM-VDSLDR-In-TCP-NoScope","Remote Volume Management - Virtual Disk Service Loader (RPC)","Inbound rule for the Remote Volume Management - Virtual Disk Service Loader to be remotely managed via RPC/TCP.","Remote Volume Management","@FirewallAPI.dll,-34501","Domain","Inbound","Allow","Block","False","False",,"NotApplicable","The rule was parsed successfully from the store. (65536)","OK","PersistentStore","Local"
"WIN81-01","False","RVM-RPCSS-In-TCP-NoScope","Remote Volume Management (RPC-EPMAP)","Inbound rule for the RPCSS service to allow RPC/TCP traffic for Remote Volume Management.","Remote Volume Management","@FirewallAPI.dll,-34501","Domain","Inbound","Allow","Block","False","False",,"NotApplicable","The rule was parsed successfully from the store. (65536)","OK","PersistentStore","Local"
"WIN81-01","False","RVM-VDS-In-TCP","Remote Volume Management - Virtual Disk Service (RPC)","Inbound rule for the Remote Volume Management - Virtual Disk Service to be remotely managed via RPC/TCP.","Remote Volume Management","@FirewallAPI.dll,-34501","Private, Public","Inbound","Allow","Block","False","False",,"NotApplicable","The rule was parsed successfully from the store. (65536)","OK","PersistentStore","Local"
"WIN81-01","False","RVM-VDSLDR-In-TCP","Remote Volume Management - Virtual Disk Service Loader (RPC)","Inbound rule for the Remote Volume Management - Virtual Disk Service Loader to be remotely managed via RPC/TCP.","Remote Volume Management","@FirewallAPI.dll,-34501","Private, Public","Inbound","Allow","Block","False","False",,"NotApplicable","The rule was parsed successfully from the store. (65536)","OK","PersistentStore","Local"
"WIN81-01","False","RVM-RPCSS-In-TCP","Remote Volume Management (RPC-EPMAP)","Inbound rule for the RPCSS service to allow RPC/TCP traffic for Remote Volume Management.","Remote Volume Management","@FirewallAPI.dll,-34501","Private, Public","Inbound","Allow","Block","False","False",,"NotApplicable","The rule was parsed successfully from the store. (65536)","OK","PersistentStore","Local"
"WIN81-01","True","PlayTo-HTTPSTR-In-TCP-NoScope","Play To streaming server (HTTP-Streaming-In)","Inbound rule for the Play To server to allow streaming using HTTP. [TCP 10246]","Play To functionality","@FirewallAPI.dll,-36001","Domain","Inbound","Allow","Block","False","False",,"NotApplicable","The rule was parsed successfully from the store. (65536)","OK","PersistentStore","Local"
"WIN81-01","True","PlayTo-HTTPSTR-In-TCP-LocalSubnetScope","Play To streaming server (HTTP-Streaming-In)","Inbound rule for the Play To server to allow streaming using HTTP. [TCP 10246]","Play To functionality","@FirewallAPI.dll,-36001","Private","Inbound","Allow","Block","False","False",,"NotApplicable","The rule was parsed successfully from the store. (65536)","OK","PersistentStore","Local"
"WIN81-01","True","PlayTo-HTTPSTR-In-TCP-PlayToScope","Play To streaming server (HTTP-Streaming-In)","Inbound rule for the Play To server to allow streaming using HTTP. [TCP 10246]","Play To functionality","@FirewallAPI.dll,-36001","Public","Inbound","Allow","Block","False","False",,"NotApplicable","The rule was parsed successfully from the store. (65536)","OK","PersistentStore","Local"
"WIN81-01","True","PlayTo-In-UDP-NoScope","Play To streaming server (RTCP-Streaming-In)","Inbound rule for the Play To server to allow streaming using RTSP and RTP. [UDP]","Play To functionality","@FirewallAPI.dll,-36001","Domain","Inbound","Allow","Block","False","False",,"NotApplicable","The rule was parsed successfully from the store. (65536)","OK","PersistentStore","Local"
"WIN81-01","True","PlayTo-In-UDP-LocalSubnetScope","Play To streaming server (RTCP-Streaming-In)","Inbound rule for the Play To server to allow streaming using RTSP and RTP. [UDP]","Play To functionality","@FirewallAPI.dll,-36001","Private","Inbound","Allow","Block","False","False",,"NotApplicable","The rule was parsed successfully from the store. (65536)","OK","PersistentStore","Local"
"WIN81-01","True","PlayTo-In-UDP-PlayToScope","Play To streaming server (RTCP-Streaming-In)","Inbound rule for the Play To server to allow streaming using RTSP and RTP. [UDP]","Play To functionality","@FirewallAPI.dll,-36001","Public","Inbound","Allow","Block","False","False",,"NotApplicable","The rule was parsed successfully from the store. (65536)","OK","PersistentStore","Local"
"WIN81-01","True","PlayTo-Out-UDP-NoScope","Play To streaming server (RTP-Streaming-Out)","Outbound rule for the Play To server to allow streaming using RTSP and RTP. [UDP]","Play To functionality","@FirewallAPI.dll,-36001","Domain","Outbound","Allow","Block","False","False",,"NotApplicable","The rule was parsed successfully from the store. (65536)","OK","PersistentStore","Local"
"WIN81-01","True","PlayTo-Out-UDP-LocalSubnetScope","Play To streaming server (RTP-Streaming-Out)","Outbound rule for the Play To server to allow streaming using RTSP and RTP. [UDP]","Play To functionality","@FirewallAPI.dll,-36001","Private","Outbound","Allow","Block","False","False",,"NotApplicable","The rule was parsed successfully from the store. (65536)","OK","PersistentStore","Local"
"WIN81-01","True","PlayTo-Out-UDP-PlayToScope","Play To streaming server (RTP-Streaming-Out)","Outbound rule for the Play To server to allow streaming using RTSP and RTP. [UDP]","Play To functionality","@FirewallAPI.dll,-36001","Public","Outbound","Allow","Block","False","False",,"NotApplicable","The rule was parsed successfully from the store. (65536)","OK","PersistentStore","Local"
"WIN81-01","True","PlayTo-In-RTSP-NoScope","Play To streaming server (RTSP-Streaming-In)","Inbound rule for the Play To server to allow streaming using RTSP and RTP. [TCP 23554, 23555, 23556]","Play To functionality","@FirewallAPI.dll,-36001","Domain","Inbound","Allow","Block","False","False",,"NotApplicable","The rule was parsed successfully from the store. (65536)","OK","PersistentStore","Local"
"WIN81-01","True","PlayTo-In-RTSP-LocalSubnetScope","Play To streaming server (RTSP-Streaming-In)","Inbound rule for the Play To server to allow streaming using RTSP and RTP. [TCP 23554, 23555, 23556]","Play To functionality","@FirewallAPI.dll,-36001","Private","Inbound","Allow","Block","False","False",,"NotApplicable","The rule was parsed successfully from the store. (65536)","OK","PersistentStore","Local"
"WIN81-01","True","PlayTo-In-RTSP-PlayToScope","Play To streaming server (RTSP-Streaming-In)","Inbound rule for the Play To server to allow streaming using RTSP and RTP. [TCP 23554, 23555, 23556]","Play To functionality","@FirewallAPI.dll,-36001","Public","Inbound","Allow","Block","False","False",,"NotApplicable","The rule was parsed successfully from the store. (65536)","OK","PersistentStore","Local"
"WIN81-01","True","PlayTo-SSDP-Discovery-PlayToScope","Play To SSDP Discovery (UDP-In)","Inbound rule to allow discovery of Play To devices using SSDP","Play To functionality","@FirewallAPI.dll,-36001","Public","Inbound","Allow","Block","False","False",,"NotApplicable","The rule was parsed successfully from the store. (65536)","OK","PersistentStore","Local"
"WIN81-01","True","PlayTo-UPnP-Events-PlayToScope","Play To UPnP Events (TCP-In)","Inbound rule to allow receiving UPnP Events from Play To devices","Play To functionality","@FirewallAPI.dll,-36001","Public","Inbound","Allow","Block","False","False",,"NotApplicable","The rule was parsed successfully from the store. (65536)","OK","PersistentStore","Local"
"WIN81-01","True","PlayTo-QWave-In-UDP-PlayToScope","Play To functionality (qWave-UDP-In)","Inbound rule for the Play To functionality to allow use of the Quality Windows Audio Video Experience Service. [UDP 2177]","Play To functionality","@FirewallAPI.dll,-36001","Private, Public","Inbound","Allow","Block","False","False",,"NotApplicable","The rule was parsed successfully from the store. (65536)","OK","PersistentStore","Local"
"WIN81-01","True","PlayTo-QWave-Out-UDP-PlayToScope","Play To functionality (qWave-UDP-Out)","Outbound rule for the Play To functionality to allow use of the Quality Windows Audio Video Experience Service. [UDP 2177]","Play To functionality","@FirewallAPI.dll,-36001","Private, Public","Outbound","Allow","Block","False","False",,"NotApplicable","The rule was parsed successfully from the store. (65536)","OK","PersistentStore","Local"
"WIN81-01","True","PlayTo-QWave-In-TCP-PlayToScope","Play To functionality (qWave-TCP-In)","Inbound rule for the Play To functionality to allow use of the Quality Windows Audio Video Experience Service. [TCP 2177]","Play To functionality","@FirewallAPI.dll,-36001","Private, Public","Inbound","Allow","Block","False","False",,"NotApplicable","The rule was parsed successfully from the store. (65536)","OK","PersistentStore","Local"
"WIN81-01","True","PlayTo-QWave-Out-TCP-PlayToScope","Play To functionality (qWave-TCP-Out)","Outbound rule for the Play To functionality to allow use of the Quality Windows Audio Video Experience Service. [TCP 2177]","Play To functionality","@FirewallAPI.dll,-36001","Private, Public","Outbound","Allow","Block","False","False",,"NotApplicable","The rule was parsed successfully from the store. (65536)","OK","PersistentStore","Local"
"WIN81-01","True","WFDPRINT-DAFWSD-In-Active","Wi-Fi Direct Network Discovery (In)","Inbound rule to discover WSD devices on Wi-Fi Direct networks.","Wi-Fi Direct Network Discovery","@FirewallAPI.dll,-36851","Public","Inbound","Allow","Block","False","False",,"NotApplicable","The rule was parsed successfully from the store. (65536)","OK","PersistentStore","Local"
"WIN81-01","True","WFDPRINT-DAFWSD-Out-Active","Wi-Fi Direct Network Discovery (Out)","Outbound rule to discover WSD devices on Wi-Fi Direct networks.","Wi-Fi Direct Network Discovery","@FirewallAPI.dll,-36851","Public","Outbound","Allow","Block","False","False",,"NotApplicable","The rule was parsed successfully from the store. (65536)","OK","PersistentStore","Local"
"WIN81-01","True","WFDPRINT-SPOOL-In-Active","Wi-Fi Direct Spooler Use (In)","Inbound rule to use WSD printers on Wi-Fi Direct networks.","Wi-Fi Direct Network Discovery","@FirewallAPI.dll,-36851","Public","Inbound","Allow","Block","False","False",,"NotApplicable","The rule was parsed successfully from the store. (65536)","OK","PersistentStore","Local"
"WIN81-01","True","WFDPRINT-SPOOL-Out-Active","Wi-Fi Direct Spooler Use (Out)","Outbound rule to use WSD printers on Wi-Fi Direct networks.","Wi-Fi Direct Network Discovery","@FirewallAPI.dll,-36851","Public","Outbound","Allow","Block","False","False",,"NotApplicable","The rule was parsed successfully from the store. (65536)","OK","PersistentStore","Local"
"WIN81-01","True","WFDPRINT-SCAN-In-Active","Wi-Fi Direct Scan Service Use (In)","Inbound rule to use WSD scanners on Wi-Fi Direct networks.","Wi-Fi Direct Network Discovery","@FirewallAPI.dll,-36851","Public","Inbound","Allow","Block","False","False",,"NotApplicable","The rule was parsed successfully from the store. (65536)","OK","PersistentStore","Local"
"WIN81-01","True","WFDPRINT-SCAN-Out-Active","Wi-Fi Direct Scan Service Use (Out)","Outbound rule to use WSD scanners on Wi-Fi Direct networks.","Wi-Fi Direct Network Discovery","@FirewallAPI.dll,-36851","Public","Outbound","Allow","Block","False","False",,"NotApplicable","The rule was parsed successfully from the store. (65536)","OK","PersistentStore","Local"
"WIN81-01","False","RRAS-GRE-In","Routing and Remote Access (GRE-In)","Inbound rule for RRAS to allow Generic Routing Encapsulation Protocol traffic.","Routing and Remote Access","@FirewallAPI.dll,-33752","Any","Inbound","Allow","Block","False","False",,"NotApplicable","The rule was parsed successfully from the store. (65536)","OK","PersistentStore","Local"
"WIN81-01","False","RRAS-GRE-Out","Routing and Remote Access (GRE-Out)","Outbound rule for RRAS to allow Generic Routing Encapsulation Protocol Traffic","Routing and Remote Access","@FirewallAPI.dll,-33752","Any","Outbound","Allow","Block","False","False",,"NotApplicable","The rule was parsed successfully from the store. (65536)","OK","PersistentStore","Local"
"WIN81-01","False","RRAS-L2TP-In-UDP","Routing and Remote Access (L2TP-In)","Inbound rule for RRAS to allow Layer 2 Tunnel Protocol traffic. [UDP 1701]","Routing and Remote Access","@FirewallAPI.dll,-33752","Any","Inbound","Allow","Block","False","False",,"NotApplicable","The rule was parsed successfully from the store. (65536)","OK","PersistentStore","Local"
"WIN81-01","False","RRAS-L2TP-Out-UDP","Routing and Remote Access (L2TP-Out)","Outbound rule for RRAS to allow Layer 2 Tunnel Protocol traffic. [UDP 1701]","Routing and Remote Access","@FirewallAPI.dll,-33752","Any","Outbound","Allow","Block","False","False",,"NotApplicable","The rule was parsed successfully from the store. (65536)","OK","PersistentStore","Local"
"WIN81-01","False","RRAS-PPTP-In-TCP","Routing and Remote Access (PPTP-In)","Inbound rule for RRAS to allow Point-to-Point Tunnel Protocol traffic. [TCP 1723]","Routing and Remote Access","@FirewallAPI.dll,-33752","Any","Inbound","Allow","Block","False","False",,"NotApplicable","The rule was parsed successfully from the store. (65536)","OK","PersistentStore","Local"
"WIN81-01","False","RRAS-PPTP-Out-TCP","Routing and Remote Access (PPTP-Out)","Outbound rule for RRAS to allow Point-to-Point Tunnel Protocol traffic. [TCP 1723]","Routing and Remote Access","@FirewallAPI.dll,-33752","Any","Outbound","Allow","Block","False","False",,"NotApplicable","The rule was parsed successfully from the store. (65536)","OK","PersistentStore","Local"
"WIN81-01","True","CoreNet-ICMP6-DU-In","Core Networking - Destination Unreachable (ICMPv6-In)","Destination Unreachable error messages are sent from any node that a packet traverses which is unable to forward the packet for any reason except congestion.","Core Networking","@FirewallAPI.dll,-25000","Any","Inbound","Allow","Allow","False","False",,"NotApplicable","The rule was parsed successfully from the store. (65536)","OK","PersistentStore","Local"
"WIN81-01","True","CoreNet-ICMP6-PTB-In","Core Networking - Packet Too Big (ICMPv6-In)","Packet Too Big error messages are sent from any node that a packet traverses which is unable to forward the packet because the packet is too large for the next link.","Core Networking","@FirewallAPI.dll,-25000","Any","Inbound","Allow","Allow","False","False",,"NotApplicable","The rule was parsed successfully from the store. (65536)","OK","PersistentStore","Local"
"WIN81-01","True","CoreNet-ICMP6-PTB-Out","Core Networking - Packet Too Big (ICMPv6-Out)","Packet Too Big error messages are sent from any node that a packet traverses which is unable to forward the packet because the packet is too large for the next link.","Core Networking","@FirewallAPI.dll,-25000","Any","Outbound","Allow","Block","False","False",,"NotApplicable","The rule was parsed successfully from the store. (65536)","OK","PersistentStore","Local"
"WIN81-01","True","CoreNet-ICMP6-TE-In","Core Networking - Time Exceeded (ICMPv6-In)","Time Exceeded error messages are generated from any node that a packet traverses if the Hop Limit value is decremented to zero at any point on the path.","Core Networking","@FirewallAPI.dll,-25000","Any","Inbound","Allow","Allow","False","False",,"NotApplicable","The rule was parsed successfully from the store. (65536)","OK","PersistentStore","Local"
"WIN81-01","True","CoreNet-ICMP6-TE-Out","Core Networking - Time Exceeded (ICMPv6-Out)","Time Exceeded error messages are generated from any node that a packet traverses if the Hop Limit value is decremented to zero at any point on the path.","Core Networking","@FirewallAPI.dll,-25000","Any","Outbound","Allow","Block","False","False",,"NotApplicable","The rule was parsed successfully from the store. (65536)","OK","PersistentStore","Local"
"WIN81-01","True","CoreNet-ICMP6-PP-In","Core Networking - Parameter Problem (ICMPv6-In)","Parameter Problem error messages are sent by nodes as a result of incorrectly generated packets.","Core Networking","@FirewallAPI.dll,-25000","Any","Inbound","Allow","Allow","False","False",,"NotApplicable","The rule was parsed successfully from the store. (65536)","OK","PersistentStore","Local"
"WIN81-01","True","CoreNet-ICMP6-PP-Out","Core Networking - Parameter Problem (ICMPv6-Out)","Parameter Problem error messages are sent by nodes as a result of incorrectly generated packets.","Core Networking","@FirewallAPI.dll,-25000","Any","Outbound","Allow","Block","False","False",,"NotApplicable","The rule was parsed successfully from the store. (65536)","OK","PersistentStore","Local"
"WIN81-01","True","CoreNet-ICMP6-NDS-In","Core Networking - Neighbor Discovery Solicitation (ICMPv6-In)","Neighbor Discovery Solicitations are sent by nodes to discover the link-layer address of another on-link IPv6 node.","Core Networking","@FirewallAPI.dll,-25000","Any","Inbound","Allow","Allow","False","False",,"NotApplicable","The rule was parsed successfully from the store. (65536)","OK","PersistentStore","Local"
"WIN81-01","True","CoreNet-ICMP6-NDS-Out","Core Networking - Neighbor Discovery Solicitation (ICMPv6-Out)","Neighbor Discovery Solicitations are sent by nodes to discover the link-layer address of another on-link IPv6 node.","Core Networking","@FirewallAPI.dll,-25000","Any","Outbound","Allow","Block","False","False",,"NotApplicable","The rule was parsed successfully from the store. (65536)","OK","PersistentStore","Local"
"WIN81-01","True","CoreNet-ICMP6-NDA-In","Core Networking - Neighbor Discovery Advertisement (ICMPv6-In)","Neighbor Discovery Advertisement messages are sent by nodes to notify other nodes of link-layer address changes or in response to a Neighbor Discovery Solicitation request.","Core Networking","@FirewallAPI.dll,-25000","Any","Inbound","Allow","Allow","False","False",,"NotApplicable","The rule was parsed successfully from the store. (65536)","OK","PersistentStore","Local"
"WIN81-01","True","CoreNet-ICMP6-NDA-Out","Core Networking - Neighbor Discovery Advertisement (ICMPv6-Out)","Neighbor Discovery Advertisement messages are sent by nodes to notify other nodes of link-layer address changes or in response to a Neighbor Discovery Solicitation request.","Core Networking","@FirewallAPI.dll,-25000","Any","Outbound","Allow","Block","False","False",,"NotApplicable","The rule was parsed successfully from the store. (65536)","OK","PersistentStore","Local"
"WIN81-01","True","CoreNet-ICMP6-RA-In","Core Networking - Router Advertisement (ICMPv6-In)","Router Advertisement messages are sent by routers to other nodes for stateless auto-configuration.","Core Networking","@FirewallAPI.dll,-25000","Any","Inbound","Allow","Block","False","False",,"NotApplicable","The rule was parsed successfully from the store. (65536)","OK","PersistentStore","Local"
"WIN81-01","True","CoreNet-ICMP6-RA-Out","Core Networking - Router Advertisement (ICMPv6-Out)","Router Advertisement messages are sent by routers to other nodes for stateless auto-configuration.","Core Networking","@FirewallAPI.dll,-25000","Any","Outbound","Allow","Block","False","False",,"NotApplicable","The rule was parsed successfully from the store. (65536)","OK","PersistentStore","Local"
"WIN81-01","True","CoreNet-ICMP6-RS-In","Core Networking - Router Solicitation (ICMPv6-In)","Router Solicitation messages are sent by nodes seeking routers to provide stateless auto-configuration.","Core Networking","@FirewallAPI.dll,-25000","Any","Inbound","Allow","Block","False","False",,"NotApplicable","The rule was parsed successfully from the store. (65536)","OK","PersistentStore","Local"
"WIN81-01","True","CoreNet-ICMP6-RS-Out","Core Networking - Router Solicitation (ICMPv6-Out)","Router Solicitation messages are sent by nodes seeking routers to provide stateless auto-configuration.","Core Networking","@FirewallAPI.dll,-25000","Any","Outbound","Allow","Block","False","False",,"NotApplicable","The rule was parsed successfully from the store. (65536)","OK","PersistentStore","Local"
"WIN81-01","True","CoreNet-ICMP6-LQ-In","Core Networking - Multicast Listener Query (ICMPv6-In)","An IPv6 multicast-capable router uses the Multicast Listener Query message to query a link for multicast group membership.","Core Networking","@FirewallAPI.dll,-25000","Any","Inbound","Allow","Block","False","False",,"NotApplicable","The rule was parsed successfully from the store. (65536)","OK","PersistentStore","Local"
"WIN81-01","True","CoreNet-ICMP6-LQ-Out","Core Networking - Multicast Listener Query (ICMPv6-Out)","An IPv6 multicast-capable router uses the Multicast Listener Query message to query a link for multicast group membership.","Core Networking","@FirewallAPI.dll,-25000","Any","Outbound","Allow","Block","False","False",,"NotApplicable","The rule was parsed successfully from the store. (65536)","OK","PersistentStore","Local"
"WIN81-01","True","CoreNet-ICMP6-LR-In","Core Networking - Multicast Listener Report (ICMPv6-In)","The Multicast Listener Report message is used by a listening node to either immediately report its interest in receiving multicast traffic at a specific multicast address or in response to a Multicast Listener Query.","Core Networking","@FirewallAPI.dll,-25000","Any","Inbound","Allow","Block","False","False",,"NotApplicable","The rule was parsed successfully from the store. (65536)","OK","PersistentStore","Local"
"WIN81-01","True","CoreNet-ICMP6-LR-Out","Core Networking - Multicast Listener Report (ICMPv6-Out)","The Multicast Listener Report message is used by a listening node to either immediately report its interest in receiving multicast traffic at a specific multicast address or in response to a Multicast Listener Query.","Core Networking","@FirewallAPI.dll,-25000","Any","Outbound","Allow","Block","False","False",,"NotApplicable","The rule was parsed successfully from the store. (65536)","OK","PersistentStore","Local"
"WIN81-01","True","CoreNet-ICMP6-LR2-In","Core Networking - Multicast Listener Report v2 (ICMPv6-In)","Multicast Listener Report v2 message is used by a listening node to either immediately report its interest in receiving multicast traffic at a specific multicast address or in response to a Multicast Listener Query.","Core Networking","@FirewallAPI.dll,-25000","Any","Inbound","Allow","Block","False","False",,"NotApplicable","The rule was parsed successfully from the store. (65536)","OK","PersistentStore","Local"
"WIN81-01","True","CoreNet-ICMP6-LR2-Out","Core Networking - Multicast Listener Report v2 (ICMPv6-Out)","Multicast Listener Report v2 message is used by a listening node to either immediately report its interest in receiving multicast traffic at a specific multicast address or in response to a Multicast Listener Query.","Core Networking","@FirewallAPI.dll,-25000","Any","Outbound","Allow","Block","False","False",,"NotApplicable","The rule was parsed successfully from the store. (65536)","OK","PersistentStore","Local"
"WIN81-01","True","CoreNet-ICMP6-LD-In","Core Networking - Multicast Listener Done (ICMPv6-In)","Multicast Listener Done messages inform local routers that there are no longer any members remaining for a specific multicast address on the subnet.","Core Networking","@FirewallAPI.dll,-25000","Any","Inbound","Allow","Block","False","False",,"NotApplicable","The rule was parsed successfully from the store. (65536)","OK","PersistentStore","Local"
"WIN81-01","True","CoreNet-ICMP6-LD-Out","Core Networking - Multicast Listener Done (ICMPv6-Out)","Multicast Listener Done messages inform local routers that there are no longer any members remaining for a specific multicast address on the subnet.","Core Networking","@FirewallAPI.dll,-25000","Any","Outbound","Allow","Block","False","False",,"NotApplicable","The rule was parsed successfully from the store. (65536)","OK","PersistentStore","Local"
"WIN81-01","True","CoreNet-ICMP4-DUFRAG-In","Core Networking - Destination Unreachable Fragmentation Needed (ICMPv4-In)","Destination Unreachable Fragmentation Needed error messages are sent from any node that a packet traverses which is unable to forward the packet because fragmentation was needed and the don?t fragment bit was set.","Core Networking","@FirewallAPI.dll,-25000","Any","Inbound","Allow","Block","False","False",,"NotApplicable","The rule was parsed successfully from the store. (65536)","OK","PersistentStore","Local"
"WIN81-01","True","CoreNet-IGMP-In","Core Networking - Internet Group Management Protocol (IGMP-In)","IGMP messages are sent and received by nodes to create, join and depart multicast groups.","Core Networking","@FirewallAPI.dll,-25000","Any","Inbound","Allow","Block","False","False",,"NotApplicable","The rule was parsed successfully from the store. (65536)","OK","PersistentStore","Local"
"WIN81-01","True","CoreNet-IGMP-Out","Core Networking - Internet Group Management Protocol (IGMP-Out)","IGMP messages are sent and received by nodes to create, join and depart multicast groups.","Core Networking","@FirewallAPI.dll,-25000","Any","Outbound","Allow","Block","False","False",,"NotApplicable","The rule was parsed successfully from the store. (65536)","OK","PersistentStore","Local"
"WIN81-01","True","CoreNet-DHCP-In","Core Networking - Dynamic Host Configuration Protocol (DHCP-In)","Allows DHCP (Dynamic Host Configuration Protocol) messages for stateful auto-configuration.","Core Networking","@FirewallAPI.dll,-25000","Any","Inbound","Allow","Block","False","False",,"NotApplicable","The rule was parsed successfully from the store. (65536)","OK","PersistentStore","Local"
"WIN81-01","True","CoreNet-DHCP-Out","Core Networking - Dynamic Host Configuration Protocol (DHCP-Out)","Allows DHCP (Dynamic Host Configuration Protocol) messages for stateful auto-configuration.","Core Networking","@FirewallAPI.dll,-25000","Any","Outbound","Allow","Block","False","False",,"NotApplicable","The rule was parsed successfully from the store. (65536)","OK","PersistentStore","Local"
"WIN81-01","True","CoreNet-DHCPV6-In","Core Networking - Dynamic Host Configuration Protocol for IPv6(DHCPV6-In)","Allows DHCPV6 (Dynamic Host Configuration Protocol for IPv6) messages for stateful and stateless configuration.","Core Networking","@FirewallAPI.dll,-25000","Any","Inbound","Allow","Block","False","False",,"NotApplicable","The rule was parsed successfully from the store. (65536)","OK","PersistentStore","Local"
"WIN81-01","True","CoreNet-DHCPV6-Out","Core Networking - Dynamic Host Configuration Protocol for IPv6(DHCPV6-Out)","Allows DHCPV6 (Dynamic Host Configuration Protocol for IPv6) messages for stateful and stateless configuration.","Core Networking","@FirewallAPI.dll,-25000","Any","Outbound","Allow","Block","False","False",,"NotApplicable","The rule was parsed successfully from the store. (65536)","OK","PersistentStore","Local"
"WIN81-01","True","CoreNet-Teredo-In","Core Networking - Teredo (UDP-In)","Inbound UDP rule to allow Teredo edge traversal, a technology that provides address assignment and automatic tunneling for unicast IPv6 traffic when an IPv6/IPv4 host is located behind an IPv4 network address translator.","Core Networking","@FirewallAPI.dll,-25000","Any","Inbound","Allow","Block","False","False",,"NotApplicable","The rule was parsed successfully from the store. (65536)","OK","PersistentStore","Local"
"WIN81-01","True","CoreNet-Teredo-Out","Core Networking - Teredo (UDP-Out)","Outbound UDP rule to allow Teredo edge traversal, a technology that provides address assignment and automatic tunneling for unicast IPv6 traffic when an IPv6/IPv4 host is located behind an IPv4 network address translator.","Core Networking","@FirewallAPI.dll,-25000","Any","Outbound","Allow","Block","False","False",,"NotApplicable","The rule was parsed successfully from the store. (65536)","OK","PersistentStore","Local"
"WIN81-01","True","CoreNet-IPHTTPS-In","Core Networking - IPHTTPS (TCP-In)","Inbound TCP rule to allow IPHTTPS tunneling technology to provide connectivity across HTTP proxies and firewalls.","Core Networking","@FirewallAPI.dll,-25000","Any","Inbound","Allow","Block","False","False",,"NotApplicable","The rule was parsed successfully from the store. (65536)","OK","PersistentStore","Local"
"WIN81-01","True","CoreNet-IPHTTPS-Out","Core Networking - IPHTTPS (TCP-Out)","Outbound TCP rule to allow IPHTTPS tunneling technology to provide connectivity across HTTP proxies and firewalls.","Core Networking","@FirewallAPI.dll,-25000","Any","Outbound","Allow","Block","False","False",,"NotApplicable","The rule was parsed successfully from the store. (65536)","OK","PersistentStore","Local"
"WIN81-01","True","CoreNet-IPv6-In","Core Networking - IPv6 (IPv6-In)","Inbound rule required to permit IPv6 traffic for ISATAP (Intra-Site Automatic Tunnel Addressing Protocol) and 6to4 tunneling services.","Core Networking","@FirewallAPI.dll,-25000","Any","Inbound","Allow","Block","False","False",,"NotApplicable","The rule was parsed successfully from the store. (65536)","OK","PersistentStore","Local"
"WIN81-01","True","CoreNet-IPv6-Out","Core Networking - IPv6 (IPv6-Out)","Outbound rule required to permit IPv6 traffic for ISATAP (Intra-Site Automatic Tunnel Addressing Protocol) and 6to4 tunneling services.","Core Networking","@FirewallAPI.dll,-25000","Any","Outbound","Allow","Block","False","False",,"NotApplicable","The rule was parsed successfully from the store. (65536)","OK","PersistentStore","Local"
"WIN81-01","True","CoreNet-GP-NP-Out-TCP","Core Networking - Group Policy (NP-Out)","Core Networking - Group Policy (NP-Out)","Core Networking","@FirewallAPI.dll,-25000","Domain","Outbound","Allow","Block","False","False",,"NotApplicable","The rule was parsed successfully from the store. (65536)","OK","PersistentStore","Local"
"WIN81-01","True","CoreNet-GP-Out-TCP","Core Networking - Group Policy (TCP-Out)","Outbound rule to allow remote RPC traffic for Group Policy updates. [TCP]","Core Networking","@FirewallAPI.dll,-25000","Domain","Outbound","Allow","Block","False","False",,"NotApplicable","The rule was parsed successfully from the store. (65536)","OK","PersistentStore","Local"
"WIN81-01","True","CoreNet-DNS-Out-UDP","Core Networking - DNS (UDP-Out)","Outbound rule to allow DNS requests. DNS responses based on requests that matched this rule will be permitted regardless of source address.  This behavior is classified as loose source mapping. [LSM] [UDP 53]","Core Networking","@FirewallAPI.dll,-25000","Any","Outbound","Allow","Block","False","False",,"NotApplicable","The rule was parsed successfully from the store. (65536)","OK","PersistentStore","Local"
"WIN81-01","True","CoreNet-GP-LSASS-Out-TCP","Core Networking - Group Policy (LSASS-Out)","Outbound rule to allow remote LSASS traffic for Group Policy updates [TCP].","Core Networking","@FirewallAPI.dll,-25000","Domain","Outbound","Allow","Block","False","False",,"NotApplicable","The rule was parsed successfully from the store. (65536)","OK","PersistentStore","Local"
"WIN81-01","False","PerfLogsAlerts-PLASrv-In-TCP","Performance Logs and Alerts (TCP-In)","Inbound rule for Performance Logs and Alerts traffic. [TCP-In]","Performance Logs and Alerts","@FirewallAPI.dll,-34752","Private, Public","Inbound","Allow","Block","False","False",,"NotApplicable","The rule was parsed successfully from the store. (65536)","OK","PersistentStore","Local"
"WIN81-01","False","PerfLogsAlerts-DCOM-In-TCP","Performance Logs and Alerts (DCOM-In)","Inbound rule for Performance Logs and Alerts to allow remote DCOM activation. [TCP-135]","Performance Logs and Alerts","@FirewallAPI.dll,-34752","Private, Public","Inbound","Allow","Block","False","False",,"NotApplicable","The rule was parsed successfully from the store. (65536)","OK","PersistentStore","Local"
"WIN81-01","False","PerfLogsAlerts-PLASrv-In-TCP-NoScope","Performance Logs and Alerts (TCP-In)","Inbound rule for Performance Logs and Alerts traffic. [TCP-In]","Performance Logs and Alerts","@FirewallAPI.dll,-34752","Domain","Inbound","Allow","Block","False","False",,"NotApplicable","The rule was parsed successfully from the store. (65536)","OK","PersistentStore","Local"
"WIN81-01","False","PerfLogsAlerts-DCOM-In-TCP-NoScope","Performance Logs and Alerts (DCOM-In)","Inbound rule for Performance Logs and Alerts to allow remote DCOM activation. [TCP-135]","Performance Logs and Alerts","@FirewallAPI.dll,-34752","Domain","Inbound","Allow","Block","False","False",,"NotApplicable","The rule was parsed successfully from the store. (65536)","OK","PersistentStore","Local"
"WIN81-01","False","RemoteSvcAdmin-In-TCP-NoScope","Remote Service Management (RPC)","Inbound rule for the local Service Control Manager to be remotely managed via RPC/TCP.","Remote Service Management","@FirewallAPI.dll,-29502","Domain","Inbound","Allow","Block","False","False",,"NotApplicable","The rule was parsed successfully from the store. (65536)","OK","PersistentStore","Local"
"WIN81-01","False","RemoteSvcAdmin-NP-In-TCP-NoScope","Remote Service Management (NP-In)","Inbound rule for the local Service Control Manager to be remotely managed over Named Pipes.","Remote Service Management","@FirewallAPI.dll,-29502","Domain","Inbound","Allow","Block","False","False",,"NotApplicable","The rule was parsed successfully from the store. (65536)","OK","PersistentStore","Local"
"WIN81-01","False","RemoteSvcAdmin-RPCSS-In-TCP-NoScope","Remote Service Management (RPC-EPMAP)","Inbound rule for the RPCSS service to allow RPC/TCP traffic for the local Service Control Manager.","Remote Service Management","@FirewallAPI.dll,-29502","Domain","Inbound","Allow","Block","False","False",,"NotApplicable","The rule was parsed successfully from the store. (65536)","OK","PersistentStore","Local"
"WIN81-01","False","RemoteSvcAdmin-In-TCP","Remote Service Management (RPC)","Inbound rule for the local Service Control Manager to be remotely managed via RPC/TCP.","Remote Service Management","@FirewallAPI.dll,-29502","Private, Public","Inbound","Allow","Block","False","False",,"NotApplicable","The rule was parsed successfully from the store. (65536)","OK","PersistentStore","Local"
"WIN81-01","False","RemoteSvcAdmin-NP-In-TCP","Remote Service Management (NP-In)","Inbound rule for the local Service Control Manager to be remotely managed over Named Pipes.","Remote Service Management","@FirewallAPI.dll,-29502","Private, Public","Inbound","Allow","Block","False","False",,"NotApplicable","The rule was parsed successfully from the store. (65536)","OK","PersistentStore","Local"
"WIN81-01","False","RemoteSvcAdmin-RPCSS-In-TCP","Remote Service Management (RPC-EPMAP)","Inbound rule for the RPCSS service to allow RPC/TCP traffic for the local Service Control Manager.","Remote Service Management","@FirewallAPI.dll,-29502","Private, Public","Inbound","Allow","Block","False","False",,"NotApplicable","The rule was parsed successfully from the store. (65536)","OK","PersistentStore","Local"
"WIN81-01","True","{5F4632C0-D5B1-40C3-B0D9-E3A759C81B9E}","SonicWALL.MobileConnect","SonicWALL.MobileConnect","SonicWALL.MobileConnect","SonicWALL.MobileConnect","Domain, Private, Public","Outbound","Allow","Block","False","False","S-1-1-0","NotApplicable","The rule was parsed successfully from the store. (65536)","OK","PersistentStore","Local"
"WIN81-01","True","{560448D6-095C-4907-B046-AC7F710701A7}","SonicWALL.MobileConnect","SonicWALL.MobileConnect","SonicWALL.MobileConnect","SonicWALL.MobileConnect","Domain, Private, Public","Inbound","Allow","Allow","False","False","S-1-1-0","NotApplicable","The rule was parsed successfully from the store. (65536)","OK","PersistentStore","Local"
"WIN81-01","True","{D6980480-941A-4DF6-AB81-3734ECD3D779}","JuniperNetworks.JunosPulseVpn","JuniperNetworks.JunosPulseVpn","JuniperNetworks.JunosPulseVpn","JuniperNetworks.JunosPulseVpn","Domain, Private, Public","Outbound","Allow","Block","False","False","S-1-1-0","NotApplicable","The rule was parsed successfully from the store. (65536)","OK","PersistentStore","Local"
"WIN81-01","True","{EC799E33-72BA-42D7-9127-DEFE68F9799D}","JuniperNetworks.JunosPulseVpn","JuniperNetworks.JunosPulseVpn","JuniperNetworks.JunosPulseVpn","JuniperNetworks.JunosPulseVpn","Domain, Private, Public","Inbound","Allow","Allow","False","False","S-1-1-0","NotApplicable","The rule was parsed successfully from the store. (65536)","OK","PersistentStore","Local"
"WIN81-01","True","{F64300AD-D559-4000-BD45-0997BCC8E70A}","f5.vpn.client","f5.vpn.client","f5.vpn.client","f5.vpn.client","Domain, Private, Public","Outbound","Allow","Block","False","False","S-1-1-0","NotApplicable","The rule was parsed successfully from the store. (65536)","OK","PersistentStore","Local"
"WIN81-01","True","{F77E5446-4378-4E99-8B7A-7061AAAEA193}","f5.vpn.client","f5.vpn.client","f5.vpn.client","f5.vpn.client","Domain, Private, Public","Inbound","Allow","Allow","False","False","S-1-1-0","NotApplicable","The rule was parsed successfully from the store. (65536)","OK","PersistentStore","Local"
"WIN81-01","True","{9E3D57FC-7C37-4424-9352-4831E97D029D}","Store","Store","Store","@{C:\Windows\WinStore\resources.pri?ms-resource://WinStore/resources/DisplayName}","Domain, Private, Public","Outbound","Allow","Block","False","False","S-1-1-0","NotApplicable","The rule was parsed successfully from the store. (65536)","OK","PersistentStore","Local"
"WIN81-01","True","{548DCF8C-BFF2-4BA4-AA88-FBAF9AC8BCC6}","Store","Store","Store","@{C:\Windows\WinStore\resources.pri?ms-resource://WinStore/resources/DisplayName}","Domain, Private","Inbound","Allow","Block","False","False","S-1-1-0","NotApplicable","The rule was parsed successfully from the store. (65536)","OK","PersistentStore","Local"
"WIN81-01","True","{DB59588E-ED90-4C47-A7B5-7929DD0C0BD2}","CheckPoint.VPN","CheckPoint.VPN","CheckPoint.VPN","CheckPoint.VPN","Domain, Private, Public","Outbound","Allow","Block","False","False","S-1-1-0","NotApplicable","The rule was parsed successfully from the store. (65536)","OK","PersistentStore","Local"
"WIN81-01","True","{4282FE99-8560-4BC7-9576-5F3ED84E263F}","CheckPoint.VPN","CheckPoint.VPN","CheckPoint.VPN","CheckPoint.VPN","Domain, Private, Public","Inbound","Allow","Allow","False","False","S-1-1-0","NotApplicable","The rule was parsed successfully from the store. (65536)","OK","PersistentStore","Local"
"WIN81-01","False","RemoteDesktop-UserMode-In-TCP","Remote Desktop - User Mode (TCP-In)","Inbound rule for the Remote Desktop service to allow RDP traffic. [TCP 3389]","Remote Desktop","@FirewallAPI.dll,-28752","Public","Inbound","Allow","Block","False","False",,"NotApplicable","The rule was parsed successfully from the store. (65536)","OK","PersistentStore","Local"
"WIN81-01","False","RemoteDesktop-UserMode-In-UDP","Remote Desktop - User Mode (UDP-In)","Inbound rule for the Remote Desktop service to allow RDP traffic. [UDP 3389]","Remote Desktop","@FirewallAPI.dll,-28752","Public","Inbound","Allow","Block","False","False",,"NotApplicable","The rule was parsed successfully from the store. (65536)","OK","PersistentStore","Local"
"WIN81-01","False","RemoteDesktop-Shadow-In-TCP","Remote Desktop - Shadow (TCP-In)","Inbound rule for the Remote Desktop service to allow shadowing of an existing Remote Desktop session. (TCP-In)","Remote Desktop","@FirewallAPI.dll,-28752","Public","Inbound","Allow","DeferToApp","False","False",,"NotApplicable","The rule was parsed successfully from the store. (65536)","OK","PersistentStore","Local"
"WIN81-01","False","WPDMTP-Out-TCP-NoScope","Wireless Portable Devices (TCP-Out)","Outbound rule for Wireless Portable Devices to allow use of the Usermode Driver Framework. [TCP]","Wireless Portable Devices","@FirewallAPI.dll,-30502","Domain","Outbound","Allow","Block","False","False",,"NotApplicable","The rule was parsed successfully from the store. (65536)","OK","PersistentStore","Local"
"WIN81-01","False","WPDMTP-Out-TCP","Wireless Portable Devices (TCP-Out)","Outbound rule for Wireless Portable Devices to allow use of the Usermode Driver Framework. [TCP]","Wireless Portable Devices","@FirewallAPI.dll,-30502","Private, Public","Outbound","Allow","Block","False","False",,"NotApplicable","The rule was parsed successfully from the store. (65536)","OK","PersistentStore","Local"
"WIN81-01","False","WPDMTP-SSDPSrv-In-UDP","Wireless Portable Devices (SSDP-In)","Inbound rule for Wireless Portable Devices to allow use of the Simple Service Discovery Protocol. [UDP 1900]","Wireless Portable Devices","@FirewallAPI.dll,-30502","Any","Inbound","Allow","Block","False","False",,"NotApplicable","The rule was parsed successfully from the store. (65536)","OK","PersistentStore","Local"
"WIN81-01","False","WPDMTP-SSDPSrv-Out-UDP","Wireless Portable Devices (SSDP-Out)","Outbound rule for Wireless Portable Devices to allow use of the Simple Service Discovery Protocol. [UDP 1900]","Wireless Portable Devices","@FirewallAPI.dll,-30502","Any","Outbound","Allow","Block","False","False",,"NotApplicable","The rule was parsed successfully from the store. (65536)","OK","PersistentStore","Local"
"WIN81-01","False","WPDMTP-UPnPHost-In-TCP","Wireless Portable Devices (UPnP-In)","Inbound rule for Wireless Portable Devices to allow use of Universal Plug and Play. [TCP 2869]","Wireless Portable Devices","@FirewallAPI.dll,-30502","Any","Inbound","Allow","Block","False","False",,"NotApplicable","The rule was parsed successfully from the store. (65536)","OK","PersistentStore","Local"
"WIN81-01","False","WPDMTP-UPnPHost-Out-TCP","Wireless Portable Devices (UPnP-Out)","Outbound rule for Wireless Portable Devices to allow use of Universal Plug and Play. [TCP]","Wireless Portable Devices","@FirewallAPI.dll,-30502","Any","Outbound","Allow","Block","False","False",,"NotApplicable","The rule was parsed successfully from the store. (65536)","OK","PersistentStore","Local"
"WIN81-01","False","WPDMTP-UPnP-Out-TCP","Wireless Portable Devices (UPnPHost-Out)","Outbound rule for Wireless Portable Devices to allow use of Universal Plug and Play. [TCP]","Wireless Portable Devices","@FirewallAPI.dll,-30502","Any","Outbound","Allow","Block","False","False",,"NotApplicable","The rule was parsed successfully from the store. (65536)","OK","PersistentStore","Local"
"WIN81-01","False","NetPres-In-TCP-NoScope","Connect to a Network Projector (TCP-In)","Inbound rule for Connect to a Network Projector to communicate with devices on the network. [TCP]","Connect to a Network Projector","@FirewallAPI.dll,-31752","Domain","Inbound","Allow","Block","False","False",,"NotApplicable","The rule was parsed successfully from the store. (65536)","OK","PersistentStore","Local"
"WIN81-01","False","NetPres-Out-TCP-NoScope","Connect to a Network Projector (TCP-Out)","Outbound rule for Connect to a Network Projector to communicate with devices on the network. [TCP]","Connect to a Network Projector","@FirewallAPI.dll,-31752","Domain","Outbound","Allow","Block","False","False",,"NotApplicable","The rule was parsed successfully from the store. (65536)","OK","PersistentStore","Local"
"WIN81-01","False","NetPres-WSDEVNT-In-TCP-NoScope","Connect to a Network Projector (WSD Events-In)","Inbound rule for Connect to a Network Projector to allow WSDAPI Events Discovery. [TCP 5357]","Connect to a Network Projector","@FirewallAPI.dll,-31752","Domain","Inbound","Allow","Block","False","False",,"NotApplicable","The rule was parsed successfully from the store. (65536)","OK","PersistentStore","Local"
"WIN81-01","False","NetPres-WSDEVNT-Out-TCP-NoScope","Connect to a Network Projector (WSD Events-Out)","Outbound rule for Connect to a Network Projector to allow WSDAPI Events Discovery. [TCP 5358]","Connect to a Network Projector","@FirewallAPI.dll,-31752","Domain","Outbound","Allow","Block","False","False",,"NotApplicable","The rule was parsed successfully from the store. (65536)","OK","PersistentStore","Local"
"WIN81-01","False","NetPres-WSDEVNTS-In-TCP-NoScope","Connect to a Network Projector (WSD EventsSecure-In)","Inbound rule for Connect to a Network Projector to allow Secure WSDAPI Events. [TCP 5358]","Connect to a Network Projector","@FirewallAPI.dll,-31752","Domain","Inbound","Allow","Block","False","False",,"NotApplicable","The rule was parsed successfully from the store. (65536)","OK","PersistentStore","Local"
"WIN81-01","False","NetPres-WSDEVNTS-Out-TCP-NoScope","Connect to a Network Projector (WSD EventsSecure-Out)","Outbound rule for Connect to a Network Projector to allow Secure WSDAPI Events. [TCP 5358]","Connect to a Network Projector","@FirewallAPI.dll,-31752","Domain","Outbound","Allow","Block","False","False",,"NotApplicable","The rule was parsed successfully from the store. (65536)","OK","PersistentStore","Local"
"WIN81-01","False","NetPres-WSD-In-UDP","Connect to a Network Projector (WSD-In)","Inbound rule for Connect to a Network Projector to discover devices via WSDAPI. [UDP 3702]","Connect to a Network Projector","@FirewallAPI.dll,-31752","Any","Inbound","Allow","Block","False","False",,"NotApplicable","The rule was parsed successfully from the store. (65536)","OK","PersistentStore","Local"
"WIN81-01","False","NetPres-WSD-Out-UDP","Connect to a Network Projector (WSD-Out)","Outbound rule for Connect to a Network Projector to discover devices via WSDAPI. [UDP 3702]","Connect to a Network Projector","@FirewallAPI.dll,-31752","Any","Outbound","Allow","Block","False","False",,"NotApplicable","The rule was parsed successfully from the store. (65536)","OK","PersistentStore","Local"
"WIN81-01","False","NetPres-In-TCP","Connect to a Network Projector (TCP-In)","Inbound rule for Connect to a Network Projector to communicate with devices on the network. [TCP]","Connect to a Network Projector","@FirewallAPI.dll,-31752","Private, Public","Inbound","Allow","Block","False","False",,"NotApplicable","The rule was parsed successfully from the store. (65536)","OK","PersistentStore","Local"
"WIN81-01","False","NetPres-Out-TCP","Connect to a Network Projector (TCP-Out)","Outbound rule for Connect to a Network Projector to communicate with devices on the network. [TCP]","Connect to a Network Projector","@FirewallAPI.dll,-31752","Private, Public","Outbound","Allow","Block","False","False",,"NotApplicable","The rule was parsed successfully from the store. (65536)","OK","PersistentStore","Local"
"WIN81-01","False","NetPres-WSDEVNT-In-TCP","Connect to a Network Projector (WSD Events-In)","Inbound rule for Connect to a Network Projector to allow WSDAPI Events Discovery. [TCP 5357]","Connect to a Network Projector","@FirewallAPI.dll,-31752","Private, Public","Inbound","Allow","Block","False","False",,"NotApplicable","The rule was parsed successfully from the store. (65536)","OK","PersistentStore","Local"
"WIN81-01","False","NetPres-WSDEVNT-Out-TCP","Connect to a Network Projector (WSD Events-Out)","Outbound rule for Connect to a Network Projector to allow WSDAPI Events Discovery. [TCP 5358]","Connect to a Network Projector","@FirewallAPI.dll,-31752","Private, Public","Outbound","Allow","Block","False","False",,"NotApplicable","The rule was parsed successfully from the store. (65536)","OK","PersistentStore","Local"
"WIN81-01","False","NetPres-WSDEVNTS-In-TCP","Connect to a Network Projector (WSD EventsSecure-In)","Inbound rule for Connect to a Network Projector to allow Secure WSDAPI Events. [TCP 5358]","Connect to a Network Projector","@FirewallAPI.dll,-31752","Private, Public","Inbound","Allow","Block","False","False",,"NotApplicable","The rule was parsed successfully from the store. (65536)","OK","PersistentStore","Local"
"WIN81-01","False","NetPres-WSDEVNTS-Out-TCP","Connect to a Network Projector (WSD EventsSecure-Out)","Outbound rule for Connect to a Network Projector to allow Secure WSDAPI Events. [TCP 5358]","Connect to a Network Projector","@FirewallAPI.dll,-31752","Private, Public","Outbound","Allow","Block","False","False",,"NotApplicable","The rule was parsed successfully from the store. (65536)","OK","PersistentStore","Local"
"WIN81-01","False","Microsoft-Windows-PeerDist-HttpTrans-In","BranchCache Content Retrieval (HTTP-In)","Inbound rule for BranchCache to allow data transfer using HTTP [TCP 80]","BranchCache - Content Retrieval (Uses HTTP)","@peerdistsh.dll,-9000","Any","Inbound","Allow","Block","False","False",,"NotApplicable","The rule was parsed successfully from the store. (65536)","OK","PersistentStore","Local"
"WIN81-01","False","Microsoft-Windows-PeerDist-HttpTrans-Out","BranchCache Content Retrieval (HTTP-Out)","Outbound rule for BranchCache to allow data transfer using HTTP [TCP 80]","BranchCache - Content Retrieval (Uses HTTP)","@peerdistsh.dll,-9000","Any","Outbound","Allow","Block","False","False",,"NotApplicable","The rule was parsed successfully from the store. (65536)","OK","PersistentStore","Local"
"WIN81-01","False","Microsoft-Windows-PeerDist-WSD-In","BranchCache Peer Discovery (WSD-In)","Inbound rule for BranchCache to allow peer discovery [UDP 3702]","BranchCache - Peer Discovery (Uses WSD)","@peerdistsh.dll,-9001","Any","Inbound","Allow","Block","False","False",,"NotApplicable","The rule was parsed successfully from the store. (65536)","OK","PersistentStore","Local"
"WIN81-01","False","Microsoft-Windows-PeerDist-WSD-Out","BranchCache Peer Discovery (WSD-Out)","Outbound rule for BranchCache to allow peer discovery [UDP 3702]","BranchCache - Peer Discovery (Uses WSD)","@peerdistsh.dll,-9001","Any","Outbound","Allow","Block","False","False",,"NotApplicable","The rule was parsed successfully from the store. (65536)","OK","PersistentStore","Local"
"WIN81-01","False","Microsoft-Windows-PeerDist-HostedServer-In","BranchCache Hosted Cache Server (HTTP-In)","Inbound rule for BranchCache to allow communication between a hosted cache and its clients [TCP]","BranchCache - Hosted Cache Server (Uses HTTPS)","@peerdistsh.dll,-9002","Any","Inbound","Allow","Block","False","False",,"NotApplicable","The rule was parsed successfully from the store. (65536)","OK","PersistentStore","Local"
"WIN81-01","False","Microsoft-Windows-PeerDist-HostedServer-Out","BranchCache Hosted Cache Server(HTTP-Out)","Outbound rule for BranchCache to allow communication between a hosted cache and its clients [TCP]","BranchCache - Hosted Cache Server (Uses HTTPS)","@peerdistsh.dll,-9002","Any","Outbound","Allow","Block","False","False",,"NotApplicable","The rule was parsed successfully from the store. (65536)","OK","PersistentStore","Local"
"WIN81-01","False","Microsoft-Windows-PeerDist-HostedClient-Out","BranchCache Hosted Cache Client (HTTP-Out)","Outbound rule for BranchCache to allow connection to a hosted cache server [TCP]","BranchCache - Hosted Cache Client (Uses HTTPS)","@peerdistsh.dll,-9003","Any","Outbound","Allow","Block","False","False",,"NotApplicable","The rule was parsed successfully from the store. (65536)","OK","PersistentStore","Local"
"WIN81-01","False","SPPSVC-In-TCP","Key Management Service (TCP-In)","Inbound rule for the Key Management Service to allow for machine counting and license compliance. [TCP 1688]","Key Management Service","@FirewallAPI.dll,-28002","Private, Public","Inbound","Allow","Block","False","False",,"NotApplicable","The rule was parsed successfully from the store. (65536)","OK","PersistentStore","Local"
"WIN81-01","False","SPPSVC-In-TCP-NoScope","Key Management Service (TCP-In)","Inbound rule for the Key Management Service to allow for machine counting and license compliance. [TCP 1688]","Key Management Service","@FirewallAPI.dll,-28002","Domain","Inbound","Allow","Block","False","False",,"NotApplicable","The rule was parsed successfully from the store. (65536)","OK","PersistentStore","Local"
"WIN81-01","False","MCX-SSDPSrv-In-UDP","Media Center Extenders - SSDP (UDP-In)","Inbound rule for Media Center Extenders to allow use of the Simple Service Discovery Protocol. [UDP 1900]","Media Center Extenders","@FirewallAPI.dll,-30752","Any","Inbound","Allow","Block","False","False",,"NotApplicable","The rule was parsed successfully from the store. (65536)","OK","PersistentStore","Local"
"WIN81-01","False","MCX-SSDPSrv-Out-UDP","Media Center Extenders - SSDP (UDP-Out)","Outbound rule for Media Center Extenders to allow use of the Simple Service Discovery Protocol. [UDP 1900]","Media Center Extenders","@FirewallAPI.dll,-30752","Any","Outbound","Allow","Block","False","False",,"NotApplicable","The rule was parsed successfully from the store. (65536)","OK","PersistentStore","Local"
"WIN81-01","False","MCX-In-TCP","Media Center Extenders - RTSP (TCP-In)","Inbound rule for Media Center Extenders to allow RTSP AV Control. [TCP 554, TCP 8554-8558]","Media Center Extenders","@FirewallAPI.dll,-30752","Any","Inbound","Allow","Block","False","False",,"NotApplicable","The rule was parsed successfully from the store. (65536)","OK","PersistentStore","Local"
"WIN81-01","False","MCX-Out-TCP","Media Center Extenders - RTSP (TCP-Out)","Outbound rule for Media Center Extenders to allow WMDRM-ND and RTSP AV Control. [TCP]","Media Center Extenders","@FirewallAPI.dll,-30752","Any","Outbound","Allow","Block","False","False",,"NotApplicable","The rule was parsed successfully from the store. (65536)","OK","PersistentStore","Local"
"WIN81-01","False","MCX-QWave-In-UDP","Media Center Extenders - qWave (UDP-In)","Inbound rule for Media Center Extenders to allow use of the Quality Windows Audio Video Experience Service. [UDP 2177]","Media Center Extenders","@FirewallAPI.dll,-30752","Any","Inbound","Allow","Block","False","False",,"NotApplicable","The rule was parsed successfully from the store. (65536)","OK","PersistentStore","Local"
"WIN81-01","False","MCX-QWave-Out-UDP","Media Center Extenders - qWave (UDP-Out)","Outbound rule for Media Center Extenders to allow use of the Quality Windows Audio Video Experience Service. [UDP 2177]","Media Center Extenders","@FirewallAPI.dll,-30752","Any","Outbound","Allow","Block","False","False",,"NotApplicable","The rule was parsed successfully from the store. (65536)","OK","PersistentStore","Local"
"WIN81-01","False","MCX-QWave-In-TCP","Media Center Extenders - qWave (TCP-In)","Inbound rule for Media Center Extenders to allow use of the Quality Windows Audio Video Experience Service. [TCP 2177]","Media Center Extenders","@FirewallAPI.dll,-30752","Any","Inbound","Allow","Block","False","False",,"NotApplicable","The rule was parsed successfully from the store. (65536)","OK","PersistentStore","Local"
"WIN81-01","False","MCX-QWave-Out-TCP","Media Center Extenders - qWave (TCP-Out)","Outbound rule for Media Center Extenders to allow use of the Quality Windows Audio Video Experience Service. [TCP 2177]","Media Center Extenders","@FirewallAPI.dll,-30752","Any","Outbound","Allow","Block","False","False",,"NotApplicable","The rule was parsed successfully from the store. (65536)","OK","PersistentStore","Local"
"WIN81-01","False","MCX-HTTPSTR-In-TCP","Media Center Extenders - HTTP Streaming (TCP-In)","Inbound rule for Media Center Extenders to allow HTTP Media Streaming. [TCP 10244]","Media Center Extenders","@FirewallAPI.dll,-30752","Any","Inbound","Allow","Block","False","False",,"NotApplicable","The rule was parsed successfully from the store. (65536)","OK","PersistentStore","Local"
"WIN81-01","False","MCX-TERMSRV-In-TCP","Media Center Extenders - XSP (TCP-In)","Inbound rule for Media Center Extenders to allow terminal sessions. [TCP 3390]","Media Center Extenders","@FirewallAPI.dll,-30752","Any","Inbound","Allow","Block","False","False",,"NotApplicable","The rule was parsed successfully from the store. (65536)","OK","PersistentStore","Local"
"WIN81-01","False","MCX-In-UDP","Media Center Extenders - WMDRM-ND/RTP/RTCP (UDP-In)","Inbound rule for Media Center Extenders to allow WMDRM-ND and RTP/RTCP AV Streaming. [UDP 7777-7781, UDP 5004-5005, UDP 50004-50013]","Media Center Extenders","@FirewallAPI.dll,-30752","Any","Inbound","Allow","Block","False","False",,"NotApplicable","The rule was parsed successfully from the store. (65536)","OK","PersistentStore","Local"
"WIN81-01","False","MCX-Out-UDP","Media Center Extenders - WMDRM-ND/RTP/RTCP (UDP-Out)","Outbound rule for Media Center Extenders to allow WMDRM-ND and RTP/RTCP AV Streaming. [UDP]","Media Center Extenders","@FirewallAPI.dll,-30752","Any","Outbound","Allow","Block","False","False",,"NotApplicable","The rule was parsed successfully from the store. (65536)","OK","PersistentStore","Local"
"WIN81-01","False","MCX-MCX2SVC-Out-TCP","Media Center Extenders - Service (TCP-Out)","Outbound rule for Media Center Extenders to allow extender devices to locate and connect to the computer. [TCP]","Media Center Extenders","@FirewallAPI.dll,-30752","Any","Outbound","Allow","Block","False","False",,"NotApplicable","The rule was parsed successfully from the store. (65536)","OK","PersistentStore","Local"
"WIN81-01","False","MCX-Prov-Out-TCP","Media Center Extenders - Device Provisioning (TCP-Out)","Outbound rule for Media Center Extenders to allow traffic for Device Provisioning. [TCP]","Media Center Extenders","@FirewallAPI.dll,-30752","Any","Outbound","Allow","Block","False","False",,"NotApplicable","The rule was parsed successfully from the store. (65536)","OK","PersistentStore","Local"
"WIN81-01","False","MCX-PlayTo-In-TCP","Media Center Extenders - Media Streaming (TCP-In)","Inbound rule for Media Center Extenders to allow UPnP traffic for Media Streaming. [TCP 2869]","Media Center Extenders","@FirewallAPI.dll,-30752","Any","Inbound","Allow","Block","False","False",,"NotApplicable","The rule was parsed successfully from the store. (65536)","OK","PersistentStore","Local"
"WIN81-01","False","MCX-PlayTo-Out-TCP","Media Center Extenders - Media Streaming (TCP-Out)","Outbound rule for Media Center Extenders to allow UPnP traffic for Media Streaming. [TCP]","Media Center Extenders","@FirewallAPI.dll,-30752","Any","Outbound","Allow","Block","False","False",,"NotApplicable","The rule was parsed successfully from the store. (65536)","OK","PersistentStore","Local"
"WIN81-01","False","MCX-McrMgr-Out-TCP","Media Center Extenders - Device Validation (TCP-Out)","Outbound rule for Media Center Extenders to allow traffic for Device Validation. [TCP]","Media Center Extenders","@FirewallAPI.dll,-30752","Any","Outbound","Allow","Block","False","False",,"NotApplicable","The rule was parsed successfully from the store. (65536)","OK","PersistentStore","Local"
"WIN81-01","False","MCX-PlayTo-Out-UDP","Media Center Extenders - Media Streaming (UDP-Out)","Outbound rule for Media Center Extenders to allow Media Streaming devices to respond to an SSDP search. [UDP 1900]","Media Center Extenders","@FirewallAPI.dll,-30752","Any","Outbound","Allow","Block","False","False",,"NotApplicable","The rule was parsed successfully from the store. (65536)","OK","PersistentStore","Local"
"WIN81-01","False","MCX-FDPHost-Out-TCP","Media Center Extenders - UPnP (TCP-Out)","Outbound rule for Media Center Extenders to allow UPnP devices to transmit device information. [TCP]","Media Center Extenders","@FirewallAPI.dll,-30752","Any","Outbound","Allow","Block","False","False",,"NotApplicable","The rule was parsed successfully from the store. (65536)","OK","PersistentStore","Local"
"WIN81-01","True","{B07794E0-931C-417D-AB1E-0BB67E46C699}","windows_ie_ac_001","Created by IE","windows_ie_ac_001","windows_ie_ac_001","Domain, Private, Public","Outbound","Allow","Block","False","False","S-1-5-21-3234688381-3227104834-3551560616-500","NotApplicable","The rule was parsed successfully from the store. (65536)","OK","PersistentStore","Local"
"WIN81-01","True","{CB88A274-3BE4-49EA-92C3-EC7C20E301E4}","Mail, Calendar, and People","Mail, Calendar, and People","Mail, Calendar, and People","@{microsoft.windowscommunicationsapps_17.5.9600.20413_x64__8wekyb3d8bbwe?ms-resource://microsoft.windowscommunicationsapps/resources/communicationsPackageName}","Domain, Private, Public","Outbound","Allow","Block","False","False","S-1-5-21-3234688381-3227104834-3551560616-1001","NotApplicable","The rule was parsed successfully from the store. (65536)","OK","PersistentStore","Local"
"WIN81-01","True","{C540EE17-916E-44BA-844C-F7F5288BFDA3}","Mail, Calendar, and People","Mail, Calendar, and People","Mail, Calendar, and People","@{microsoft.windowscommunicationsapps_17.5.9600.20413_x64__8wekyb3d8bbwe?ms-resource://microsoft.windowscommunicationsapps/resources/communicationsPackageName}","Domain, Private","Inbound","Allow","Block","False","False","S-1-5-21-3234688381-3227104834-3551560616-1001","NotApplicable","The rule was parsed successfully from the store. (65536)","OK","PersistentStore","Local"
"WIN81-01","True","{80241FB5-31A6-400E-8B8C-0C7F736121D2}","Skype","Skype","Skype","Skype","Domain, Private, Public","Outbound","Allow","Block","False","False","S-1-5-21-3234688381-3227104834-3551560616-1001","NotApplicable","The rule was parsed successfully from the store. (65536)","OK","PersistentStore","Local"
"WIN81-01","True","{E71A5D9D-0AEF-4EF1-BA51-BE9395A7FFA7}","Skype","Skype","Skype","Skype","Domain, Private, Public","Inbound","Allow","Allow","False","False","S-1-5-21-3234688381-3227104834-3551560616-1001","NotApplicable","The rule was parsed successfully from the store. (65536)","OK","PersistentStore","Local"
"WIN81-01","True","{99EB8718-7BC8-45FC-B78F-CEA20B606D13}","Bing Sports","Sports App","Bing Sports","@{Microsoft.BingSports_3.0.2.233_x64__8wekyb3d8bbwe?ms-resource://Microsoft.BingSports/resources/BrandedAppTitle}","Domain, Private, Public","Outbound","Allow","Block","False","False","S-1-5-21-3234688381-3227104834-3551560616-1001","NotApplicable","The rule was parsed successfully from the store. (65536)","OK","PersistentStore","Local"
"WIN81-01","True","{79380F5F-D68B-47C5-A930-2527FD047129}","Bing Finance","Finance App","Bing Finance","@{Microsoft.BingFinance_3.0.2.234_x64__8wekyb3d8bbwe?ms-resource://Microsoft.BingFinance/resources/BrandedAppTitle}","Domain, Private, Public","Outbound","Allow","Block","False","False","S-1-5-21-3234688381-3227104834-3551560616-1001","NotApplicable","The rule was parsed successfully from the store. (65536)","OK","PersistentStore","Local"
"WIN81-01","True","{B528FE8E-F4C9-476D-88E0-3F419BC7CBEF}","Weather","Weather App","Weather","@{Microsoft.BingWeather_3.0.2.233_x64__8wekyb3d8bbwe?ms-resource://Microsoft.BingWeather/resources/AppTitle}","Domain, Private, Public","Outbound","Allow","Block","False","False","S-1-5-21-3234688381-3227104834-3551560616-1001","NotApplicable","The rule was parsed successfully from the store. (65536)","OK","PersistentStore","Local"
"WIN81-01","True","{D8067D2A-C6E6-476B-95ED-346E2BE0B6BD}","Video","Video","Video","@{Microsoft.ZuneVideo_2.2.705.0_x64__8wekyb3d8bbwe?ms-resource://Microsoft.ZuneVideo/resources/IDS_MANIFEST_VIDEO_APP_NAME}","Domain, Private, Public","Outbound","Allow","Block","False","False","S-1-5-21-3234688381-3227104834-3551560616-1001","NotApplicable","The rule was parsed successfully from the store. (65536)","OK","PersistentStore","Local"
"WIN81-01","True","{63A9E810-0177-4327-8B71-105C47E5446C}","Music","Music","Music","@{Microsoft.ZuneMusic_2.2.705.0_x64__8wekyb3d8bbwe?ms-resource://Microsoft.ZuneMusic/resources/IDS_MANIFEST_MUSIC_APP_NAME}","Domain, Private, Public","Outbound","Allow","Block","False","False","S-1-5-21-3234688381-3227104834-3551560616-1001","NotApplicable","The rule was parsed successfully from the store. (65536)","OK","PersistentStore","Local"
"WIN81-01","True","{35D888FB-E234-44C3-8567-1E90780180CA}","Games","Games","Games","@{Microsoft.XboxLIVEGames_2.0.139.0_x64__8wekyb3d8bbwe?ms-resource://Microsoft.XboxLIVEGames/resources/34150}","Domain, Private, Public","Outbound","Allow","Block","False","False","S-1-5-21-3234688381-3227104834-3551560616-1001","NotApplicable","The rule was parsed successfully from the store. (65536)","OK","PersistentStore","Local"
"WIN81-01","True","{FD6CEFFC-171D-493D-B04B-8B36A27FBEC5}","OneNote","OneNote","OneNote","OneNote","Domain, Private, Public","Outbound","Allow","Block","False","False","S-1-5-21-3234688381-3227104834-3551560616-1001","NotApplicable","The rule was parsed successfully from the store. (65536)","OK","PersistentStore","Local"
"WIN81-01","True","{FB5734CD-CE23-43DE-A033-1275792535D2}","OneNote","OneNote","OneNote","OneNote","Domain, Private, Public","Inbound","Allow","Allow","False","False","S-1-5-21-3234688381-3227104834-3551560616-1001","NotApplicable","The rule was parsed successfully from the store. (65536)","OK","PersistentStore","Local"
"WIN81-01","True","{56C18466-FD8E-452E-BD68-83947621B601}","Bing News","News app","Bing News","@{Microsoft.BingNews_3.0.2.233_x64__8wekyb3d8bbwe?ms-resource://Microsoft.BingNews/resources/BrandedAppTitle}","Domain, Private, Public","Outbound","Allow","Block","False","False","S-1-5-21-3234688381-3227104834-3551560616-1001","NotApplicable","The rule was parsed successfully from the store. (65536)","OK","PersistentStore","Local"
"WIN81-01","True","{DB51ABB2-9022-490D-B728-7DCF09AE72EE}","Bing Health & Fitness","HealthAndFitness","Bing Health & Fitness","@{Microsoft.BingHealthAndFitness_3.0.2.233_x64__8wekyb3d8bbwe?ms-resource://Microsoft.BingHealthAndFitness/resources/apptitle}","Domain, Private, Public","Outbound","Allow","Block","False","False","S-1-5-21-3234688381-3227104834-3551560616-1001","NotApplicable","The rule was parsed successfully from the store. (65536)","OK","PersistentStore","Local"
"WIN81-01","True","{538BD089-3030-4405-B50F-9085A88C5ADA}","Bing Food & Drink","Food & Drink App - Explore recipes, choose wines and cocktails, and improve your skills in the kitchen. Special signature recipes from celebrity chefs.","Bing Food & Drink","@{Microsoft.BingFoodAndDrink_3.0.2.229_x64__8wekyb3d8bbwe?ms-resource://Microsoft.BingFoodAndDrink/resources/AppTitleWithBranding}","Domain, Private, Public","Outbound","Allow","Block","False","False","S-1-5-21-3234688381-3227104834-3551560616-1001","NotApplicable","The rule was parsed successfully from the store. (65536)","OK","PersistentStore","Local"
"WIN81-01","True","{0CF5FAF6-A190-4D41-9F7B-18296FF7D750}","Maps","Maps","Maps","@{Microsoft.BingMaps_2.0.2530.2317_x64__8wekyb3d8bbwe?ms-resource://Microsoft.BingMaps/Resources/AppDisplayName}","Domain, Private, Public","Outbound","Allow","Block","False","False","S-1-5-21-3234688381-3227104834-3551560616-1001","NotApplicable","The rule was parsed successfully from the store. (65536)","OK","PersistentStore","Local"
"WIN81-01","True","{68047514-FDF9-4DD5-91C1-FE411539A71E}","Windows Reading List","Windows Reading List","Windows Reading List","@{Microsoft.WindowsReadingList_6.3.9654.20349_x64__8wekyb3d8bbwe?ms-resource://Microsoft.WindowsReadingList/resources/appPackageName}","Domain, Private, Public","Outbound","Allow","Block","False","False","S-1-5-21-3234688381-3227104834-3551560616-1001","NotApplicable","The rule was parsed successfully from the store. (65536)","OK","PersistentStore","Local"
"WIN81-01","True","{39CC48F0-6863-4864-8598-A0ED6A27FBC4}","Windows Reading List","Windows Reading List","Windows Reading List","@{Microsoft.WindowsReadingList_6.3.9654.20349_x64__8wekyb3d8bbwe?ms-resource://Microsoft.WindowsReadingList/resources/appPackageName}","Domain, Private","Inbound","Allow","Block","False","False","S-1-5-21-3234688381-3227104834-3551560616-1001","NotApplicable","The rule was parsed successfully from the store. (65536)","OK","PersistentStore","Local"
"WIN81-01","True","{ADB46256-CCF7-4C12-8912-1285F1CE4C17}","Bing Travel","Travel lets you book your travel and browse destinations","Bing Travel","@{Microsoft.BingTravel_3.0.2.233_x64__8wekyb3d8bbwe?ms-resource://Microsoft.BingTravel/resources/BrandedAppTitle}","Domain, Private, Public","Outbound","Allow","Block","False","False","S-1-5-21-3234688381-3227104834-3551560616-1001","NotApplicable","The rule was parsed successfully from the store. (65536)","OK","PersistentStore","Local"
"WIN81-01","True","{264996B5-28BF-4B03-955E-2D61F590EA9F}","Remote Desktop - Shadow (TCP-In)","Inbound rule for the Remote Desktop service to allow shadowing of an existing Remote Desktop session. (TCP-In)","Remote Desktop","@FirewallAPI.dll,-28752","Domain, Private","Inbound","Allow","DeferToApp","False","False",,"NotApplicable","The rule was parsed successfully from the store. (65536)","OK","PersistentStore","Local"
"WIN81-01","True","{F4FEC9EA-C7F0-4D8E-9777-DC610A018FDC}","Remote Desktop - User Mode (UDP-In)","Inbound rule for the Remote Desktop service to allow RDP traffic. [UDP 3389]","Remote Desktop","@FirewallAPI.dll,-28752","Domain, Private","Inbound","Allow","Block","False","False",,"NotApplicable","The rule was parsed successfully from the store. (65536)","OK","PersistentStore","Local"
"WIN81-01","True","{5099E02F-CEE0-41FE-B4FE-69E7560D4196}","Remote Desktop - User Mode (TCP-In)","Inbound rule for the Remote Desktop service to allow RDP traffic. [TCP 3389]","Remote Desktop","@FirewallAPI.dll,-28752","Domain, Private","Inbound","Allow","Block","False","False",,"NotApplicable","The rule was parsed successfully from the store. (65536)","OK","PersistentStore","Local"
"WIN81-01","True","{D4007374-96B9-4C2A-8BFE-411946D2B6DE}","windows_ie_ac_001","Created by IE","windows_ie_ac_001","windows_ie_ac_001","Domain, Private, Public","Outbound","Allow","Block","False","False","S-1-5-21-3036625279-3127291219-2495432101-500","NotApplicable","The rule was parsed successfully from the store. (65536)","OK","PersistentStore","Local"
"WIN81-01","True","{FEEB8687-8613-4F80-A536-C1D5041237F4}","Skype","Skype","Skype","Skype","Domain, Private, Public","Outbound","Allow","Block","False","False","S-1-5-21-3036625279-3127291219-2495432101-500","NotApplicable","The rule was parsed successfully from the store. (65536)","OK","PersistentStore","Local"
"WIN81-01","True","{5D02DEC9-BFC4-4E01-80E2-08B1BF0AF831}","Skype","Skype","Skype","Skype","Domain, Private, Public","Inbound","Allow","Allow","False","False","S-1-5-21-3036625279-3127291219-2495432101-500","NotApplicable","The rule was parsed successfully from the store. (65536)","OK","PersistentStore","Local"
"WIN81-01","True","{959E5E2B-7FBD-4B5F-B181-6CE5043546DD}","Mail, Calendar, and People","Mail, Calendar, and People","Mail, Calendar, and People","@{microsoft.windowscommunicationsapps_17.5.9600.20413_x64__8wekyb3d8bbwe?ms-resource://microsoft.windowscommunicationsapps/resources/communicationsPackageName}","Domain, Private, Public","Outbound","Allow","Block","False","False","S-1-5-21-3036625279-3127291219-2495432101-500","NotApplicable","The rule was parsed successfully from the store. (65536)","OK","PersistentStore","Local"
"WIN81-01","True","{A5914098-B0C1-4DC4-984C-5C43BECE9225}","Mail, Calendar, and People","Mail, Calendar, and People","Mail, Calendar, and People","@{microsoft.windowscommunicationsapps_17.5.9600.20413_x64__8wekyb3d8bbwe?ms-resource://microsoft.windowscommunicationsapps/resources/communicationsPackageName}","Domain, Private","Inbound","Allow","Block","False","False","S-1-5-21-3036625279-3127291219-2495432101-500","NotApplicable","The rule was parsed successfully from the store. (65536)","OK","PersistentStore","Local"
"WIN81-01","True","{0D6F6FD0-1193-44C4-90EF-8B7C27B94B1D}","Bing Sports","Sports App","Bing Sports","@{Microsoft.BingSports_3.0.2.233_x64__8wekyb3d8bbwe?ms-resource://Microsoft.BingSports/resources/BrandedAppTitle}","Domain, Private, Public","Outbound","Allow","Block","False","False","S-1-5-21-3036625279-3127291219-2495432101-500","NotApplicable","The rule was parsed successfully from the store. (65536)","OK","PersistentStore","Local"
"WIN81-01","True","{49EA7575-10D9-446E-8A79-6DFF4E2BF9BF}","Bing Finance","Finance App","Bing Finance","@{Microsoft.BingFinance_3.0.2.234_x64__8wekyb3d8bbwe?ms-resource://Microsoft.BingFinance/resources/BrandedAppTitle}","Domain, Private, Public","Outbound","Allow","Block","False","False","S-1-5-21-3036625279-3127291219-2495432101-500","NotApplicable","The rule was parsed successfully from the store. (65536)","OK","PersistentStore","Local"
"WIN81-01","True","{2A103366-E9D3-4D7F-986C-2955ECCB3260}","Weather","Weather App","Weather","@{Microsoft.BingWeather_3.0.2.233_x64__8wekyb3d8bbwe?ms-resource://Microsoft.BingWeather/resources/AppTitle}","Domain, Private, Public","Outbound","Allow","Block","False","False","S-1-5-21-3036625279-3127291219-2495432101-500","NotApplicable","The rule was parsed successfully from the store. (65536)","OK","PersistentStore","Local"
"WIN81-01","True","{EB656E32-A03C-4C96-BE01-1697B87671EE}","Video","Video","Video","@{Microsoft.ZuneVideo_2.2.705.0_x64__8wekyb3d8bbwe?ms-resource://Microsoft.ZuneVideo/resources/IDS_MANIFEST_VIDEO_APP_NAME}","Domain, Private, Public","Outbound","Allow","Block","False","False","S-1-5-21-3036625279-3127291219-2495432101-500","NotApplicable","The rule was parsed successfully from the store. (65536)","OK","PersistentStore","Local"
"WIN81-01","True","{F9D3774C-D432-4D28-B04A-F96BE798BA5E}","Music","Music","Music","@{Microsoft.ZuneMusic_2.2.705.0_x64__8wekyb3d8bbwe?ms-resource://Microsoft.ZuneMusic/resources/IDS_MANIFEST_MUSIC_APP_NAME}","Domain, Private, Public","Outbound","Allow","Block","False","False","S-1-5-21-3036625279-3127291219-2495432101-500","NotApplicable","The rule was parsed successfully from the store. (65536)","OK","PersistentStore","Local"
"WIN81-01","True","{8C7B75C3-4715-4540-BAC7-AF533A8CAB51}","Games","Games","Games","@{Microsoft.XboxLIVEGames_2.0.139.0_x64__8wekyb3d8bbwe?ms-resource://Microsoft.XboxLIVEGames/resources/34150}","Domain, Private, Public","Outbound","Allow","Block","False","False","S-1-5-21-3036625279-3127291219-2495432101-500","NotApplicable","The rule was parsed successfully from the store. (65536)","OK","PersistentStore","Local"
"WIN81-01","True","{51FCF815-D090-4C6E-964B-FC9FF92E363D}","OneNote","OneNote","OneNote","OneNote","Domain, Private, Public","Outbound","Allow","Block","False","False","S-1-5-21-3036625279-3127291219-2495432101-500","NotApplicable","The rule was parsed successfully from the store. (65536)","OK","PersistentStore","Local"
"WIN81-01","True","{0E41BA3A-A1EA-4C7F-B37B-3CDA47DC4AC7}","OneNote","OneNote","OneNote","OneNote","Domain, Private, Public","Inbound","Allow","Allow","False","False","S-1-5-21-3036625279-3127291219-2495432101-500","NotApplicable","The rule was parsed successfully from the store. (65536)","OK","PersistentStore","Local"
"WIN81-01","True","{E7ED78BD-C435-4458-888F-B8B1F9A55005}","Bing News","News app","Bing News","@{Microsoft.BingNews_3.0.2.233_x64__8wekyb3d8bbwe?ms-resource://Microsoft.BingNews/resources/BrandedAppTitle}","Domain, Private, Public","Outbound","Allow","Block","False","False","S-1-5-21-3036625279-3127291219-2495432101-500","NotApplicable","The rule was parsed successfully from the store. (65536)","OK","PersistentStore","Local"
"WIN81-01","True","{49D55F41-0E2C-4BBD-A906-7A082B50CBED}","Bing Health & Fitness","HealthAndFitness","Bing Health & Fitness","@{Microsoft.BingHealthAndFitness_3.0.2.233_x64__8wekyb3d8bbwe?ms-resource://Microsoft.BingHealthAndFitness/resources/apptitle}","Domain, Private, Public","Outbound","Allow","Block","False","False","S-1-5-21-3036625279-3127291219-2495432101-500","NotApplicable","The rule was parsed successfully from the store. (65536)","OK","PersistentStore","Local"
"WIN81-01","True","{9F11C60A-6729-41D6-BB64-9FD962A54AA4}","Bing Food & Drink","Food & Drink App - Explore recipes, choose wines and cocktails, and improve your skills in the kitchen. Special signature recipes from celebrity chefs.","Bing Food & Drink","@{Microsoft.BingFoodAndDrink_3.0.2.229_x64__8wekyb3d8bbwe?ms-resource://Microsoft.BingFoodAndDrink/resources/AppTitleWithBranding}","Domain, Private, Public","Outbound","Allow","Block","False","False","S-1-5-21-3036625279-3127291219-2495432101-500","NotApplicable","The rule was parsed successfully from the store. (65536)","OK","PersistentStore","Local"
"WIN81-01","True","{AE111675-687C-4D96-8644-2DBD8B27300B}","Maps","Maps","Maps","@{Microsoft.BingMaps_2.0.2530.2317_x64__8wekyb3d8bbwe?ms-resource://Microsoft.BingMaps/Resources/AppDisplayName}","Domain, Private, Public","Outbound","Allow","Block","False","False","S-1-5-21-3036625279-3127291219-2495432101-500","NotApplicable","The rule was parsed successfully from the store. (65536)","OK","PersistentStore","Local"
"WIN81-01","True","{AA54DF52-9EDE-4299-8DD4-5260741E6BA3}","Windows Reading List","Windows Reading List","Windows Reading List","@{Microsoft.WindowsReadingList_6.3.9654.20349_x64__8wekyb3d8bbwe?ms-resource://Microsoft.WindowsReadingList/resources/appPackageName}","Domain, Private, Public","Outbound","Allow","Block","False","False","S-1-5-21-3036625279-3127291219-2495432101-500","NotApplicable","The rule was parsed successfully from the store. (65536)","OK","PersistentStore","Local"
"WIN81-01","True","{935A8CFE-A480-4D6A-8686-0D5FBE159DE2}","Windows Reading List","Windows Reading List","Windows Reading List","@{Microsoft.WindowsReadingList_6.3.9654.20349_x64__8wekyb3d8bbwe?ms-resource://Microsoft.WindowsReadingList/resources/appPackageName}","Domain, Private","Inbound","Allow","Block","False","False","S-1-5-21-3036625279-3127291219-2495432101-500","NotApplicable","The rule was parsed successfully from the store. (65536)","OK","PersistentStore","Local"
"WIN81-01","True","{15785D28-9ABE-43A4-83AD-ECDC57A084CA}","Bing Travel","Travel lets you book your travel and browse destinations","Bing Travel","@{Microsoft.BingTravel_3.0.2.233_x64__8wekyb3d8bbwe?ms-resource://Microsoft.BingTravel/resources/BrandedAppTitle}","Domain, Private, Public","Outbound","Allow","Block","False","False","S-1-5-21-3036625279-3127291219-2495432101-500","NotApplicable","The rule was parsed successfully from the store. (65536)","OK","PersistentStore","Local"
